Aux out [V]	Aux in [V]	PDH out [a.u.]
-7.5692E-1	6.1800E-1	-2.4400E+2
-7.5504E-1	6.1678E-1	-3.9600E+2
-7.5316E-1	6.1557E-1	-3.0000E+1
-7.5127E-1	6.1800E-1	-6.2800E+2
-7.4939E-1	6.1775E-1	7.3900E+2
-7.4727E-1	6.1897E-1	2.1300E+2
-7.4539E-1	6.1605E-1	3.5200E+2
-7.4351E-1	6.1605E-1	-3.9000E+1
-7.4163E-1	6.1557E-1	-1.8900E+2
-7.3974E-1	6.1678E-1	-3.0000E+2
-7.3763E-1	6.1703E-1	-4.4200E+2
-7.3574E-1	6.1630E-1	8.0000E+0
-7.3386E-1	6.1703E-1	-3.7300E+2
-7.3198E-1	6.1533E-1	1.2000E+2
-7.3010E-1	6.1727E-1	-1.4000E+2
-7.2821E-1	6.1581E-1	-2.8700E+2
-7.2610E-1	6.1654E-1	-8.3600E+2
-7.2421E-1	6.1605E-1	-8.8300E+2
-7.2233E-1	6.1630E-1	-1.1700E+2
-7.2045E-1	6.1533E-1	-3.7700E+2
-7.1857E-1	6.1533E-1	3.0000E+0
-7.1645E-1	6.1435E-1	-1.6700E+2
-7.1456E-1	6.1533E-1	-1.9000E+2
-7.1268E-1	6.1338E-1	-7.4300E+2
-7.1080E-1	6.1605E-1	-1.0300E+2
-7.0892E-1	6.1314E-1	-3.5900E+2
-7.0703E-1	6.1362E-1	1.7000E+2
-7.0492E-1	6.1290E-1	-4.1900E+2
-7.0303E-1	6.1314E-1	2.9700E+2
-7.0115E-1	6.1217E-1	-3.7300E+2
-6.9927E-1	6.1022E-1	2.8200E+2
-6.9739E-1	6.1047E-1	-4.5300E+2
-6.9527E-1	6.0949E-1	-6.2300E+2
-6.9339E-1	6.0974E-1	-5.7000E+2
-6.9150E-1	6.0925E-1	-1.4400E+2
-6.8962E-1	6.0755E-1	-3.7700E+2
-6.8774E-1	6.0852E-1	-5.5000E+1
-6.8586E-1	6.0707E-1	4.4800E+2
-6.8374E-1	6.0731E-1	3.6800E+2
-6.8186E-1	6.0464E-1	-4.7200E+2
-6.7997E-1	6.0634E-1	2.6300E+2
-6.7809E-1	6.0585E-1	-7.3000E+2
-6.7621E-1	6.0342E-1	-2.6300E+2
-6.7409E-1	6.0002E-1	-1.8100E+2
-6.7221E-1	6.0148E-1	-1.0000E+0
-6.7033E-1	5.9953E-1	-2.8100E+2
-6.6844E-1	5.9711E-1	-2.6400E+2
-6.6656E-1	5.9711E-1	-6.8100E+2
-6.6468E-1	5.9638E-1	3.8000E+1
-6.6256E-1	5.9395E-1	1.7100E+2
-6.6068E-1	5.9346E-1	-1.9800E+2
-6.5880E-1	5.9225E-1	3.7800E+2
-6.5691E-1	5.8957E-1	2.0700E+2
-6.5503E-1	5.8933E-1	7.6000E+1
-6.5291E-1	5.8666E-1	-5.4900E+2
-6.5103E-1	5.8496E-1	-2.5900E+2
-6.4915E-1	5.8253E-1	-1.9000E+2
-6.4727E-1	5.8156E-1	2.1100E+2
-6.4538E-1	5.7961E-1	5.3700E+2
-6.4350E-1	5.7694E-1	1.1300E+2
-6.4138E-1	5.7718E-1	-2.1000E+2
-6.3950E-1	5.7281E-1	-3.1400E+2
-6.3762E-1	5.7184E-1	-6.0000E+1
-6.3574E-1	5.7087E-1	4.5600E+2
-6.3385E-1	5.6747E-1	1.5500E+2
-6.3174E-1	5.6334E-1	1.5400E+2
-6.2985E-1	5.6115E-1	4.4100E+2
-6.2797E-1	5.5751E-1	-1.6900E+2
-6.2609E-1	5.5508E-1	1.4600E+2
-6.2421E-1	5.5362E-1	-2.2200E+2
-6.2232E-1	5.4925E-1	2.5400E+2
-6.2020E-1	5.4609E-1	-1.9300E+2
-6.1832E-1	5.4342E-1	-1.1400E+2
-6.1644E-1	5.4002E-1	-1.8600E+2
-6.1456E-1	5.3686E-1	6.0100E+2
-6.1267E-1	5.3370E-1	-8.6000E+1
-6.1056E-1	5.3103E-1	1.2900E+2
-6.0867E-1	5.2860E-1	-1.2400E+2
-6.0679E-1	5.2398E-1	6.4800E+2
-6.0491E-1	5.2082E-1	-5.6000E+1
-6.0303E-1	5.1645E-1	-1.4200E+2
-6.0114E-1	5.1232E-1	-3.7000E+1
-5.9903E-1	5.0795E-1	-5.0000E+2
-5.9714E-1	5.0163E-1	-5.7300E+2
-5.9526E-1	5.0042E-1	-1.3900E+2
-5.9338E-1	4.9823E-1	-2.6100E+2
-5.9150E-1	4.9847E-1	1.1800E+2
-5.8938E-1	4.9240E-1	4.4200E+2
-5.8750E-1	4.8463E-1	4.8500E+2
-5.8561E-1	4.7977E-1	7.0500E+2
-5.8373E-1	4.7588E-1	4.1700E+2
-5.8185E-1	4.7175E-1	2.5100E+2
-5.7997E-1	4.6738E-1	-3.3200E+2
-5.7785E-1	4.6301E-1	-2.9400E+2
-5.7597E-1	4.6131E-1	3.7600E+2
-5.7408E-1	4.6131E-1	-5.3800E+2
-5.7220E-1	4.5377E-1	5.6600E+2
-5.7032E-1	4.4697E-1	6.4500E+2
-5.6820E-1	4.4236E-1	-1.5500E+2
-5.6632E-1	4.3823E-1	1.5600E+2
-5.6444E-1	4.3628E-1	5.1000E+1
-5.6255E-1	4.4284E-1	-2.5100E+2
-5.6067E-1	4.3993E-1	1.0620E+3
-5.5879E-1	4.2632E-1	7.3300E+2
-5.5667E-1	4.2074E-1	2.8600E+2
-5.5479E-1	4.1515E-1	4.1200E+2
-5.5291E-1	4.1272E-1	1.4100E+2
-5.5102E-1	4.1102E-1	-2.1500E+2
-5.4914E-1	4.0908E-1	-5.6000E+1
-5.4702E-1	4.1175E-1	-5.5800E+2
-5.4514E-1	4.3240E-1	-2.0180E+3
-5.4326E-1	4.4260E-1	1.8270E+3
-5.4138E-1	4.0592E-1	4.3500E+2
-5.3949E-1	3.9620E-1	6.9000E+1
-5.3761E-1	3.8915E-1	-2.1700E+2
-5.3549E-1	3.8624E-1	-4.0300E+2
-5.3361E-1	3.8430E-1	1.0000E+2
-5.3173E-1	3.8211E-1	-1.6300E+2
-5.2985E-1	3.8089E-1	4.0300E+2
-5.2796E-1	3.7798E-1	-5.1900E+2
-5.2584E-1	3.7749E-1	-6.3900E+2
-5.2396E-1	3.7579E-1	2.0300E+2
-5.2208E-1	3.7579E-1	-1.0300E+2
-5.2020E-1	3.7579E-1	-5.8000E+1
-5.1831E-1	3.7579E-1	1.1500E+2
-5.1643E-1	3.7895E-1	-1.0200E+2
-5.1431E-1	3.8478E-1	-3.0600E+2
-5.1243E-1	3.7992E-1	-2.0400E+2
-5.1055E-1	3.8089E-1	-1.0200E+2
-5.0867E-1	3.8260E-1	-6.2300E+2
-5.0678E-1	3.8308E-1	-5.2000E+2
-5.0467E-1	3.8381E-1	-3.1600E+2
-5.0278E-1	3.8721E-1	-1.7900E+2
-5.0090E-1	3.8818E-1	-4.8600E+2
-4.9902E-1	3.9231E-1	-1.4700E+2
-4.9714E-1	3.9523E-1	-1.0700E+2
-4.9502E-1	3.9669E-1	-6.4200E+2
-4.9314E-1	4.0179E-1	-6.3200E+2
-4.9125E-1	4.0397E-1	-2.7300E+2
-4.8937E-1	4.0835E-1	-1.9500E+2
-4.8749E-1	4.1321E-1	-4.7400E+2
-4.8561E-1	4.1831E-1	-6.7000E+1
-4.8349E-1	4.2244E-1	-6.6500E+2
-4.8161E-1	4.2730E-1	-7.5000E+1
-4.7972E-1	4.3264E-1	-3.1200E+2
-4.7784E-1	4.3726E-1	-2.0400E+2
-4.7596E-1	4.4066E-1	-3.8000E+2
-4.7384E-1	4.4576E-1	-5.0300E+2
-4.7196E-1	4.5232E-1	-7.7000E+2
-4.7008E-1	4.5742E-1	-5.9600E+2
-4.6819E-1	4.6131E-1	-8.7300E+2
-4.6631E-1	4.6786E-1	-8.3000E+2
-4.6443E-1	4.7272E-1	-9.1600E+2
-4.6231E-1	4.7783E-1	-6.6900E+2
-4.6043E-1	4.8536E-1	-4.6000E+2
-4.5855E-1	4.8803E-1	-6.2400E+2
-4.5666E-1	4.9532E-1	-8.8400E+2
-4.5478E-1	4.9993E-1	-2.4700E+2
-4.5266E-1	5.0552E-1	-6.2700E+2
-4.5078E-1	5.1014E-1	-8.8400E+2
-4.4890E-1	5.1451E-1	-7.6700E+2
-4.4702E-1	5.2010E-1	-7.4300E+2
-4.4513E-1	5.2325E-1	-1.6300E+2
-4.4325E-1	5.2836E-1	-7.2500E+2
-4.4113E-1	5.3419E-1	-8.8700E+2
-4.3925E-1	5.3710E-1	-5.9100E+2
-4.3737E-1	5.4172E-1	-5.2900E+2
-4.3549E-1	5.4390E-1	-2.6100E+2
-4.3360E-1	5.4949E-1	-1.7000E+2
-4.3148E-1	5.5143E-1	-7.2000E+2
-4.2960E-1	5.5459E-1	-6.4300E+2
-4.2772E-1	5.5629E-1	-5.9000E+1
-4.2584E-1	5.5945E-1	-2.7300E+2
-4.2395E-1	5.6188E-1	-3.4400E+2
-4.2207E-1	5.6431E-1	-4.3900E+2
-4.1995E-1	5.6528E-1	-8.9000E+1
-4.1807E-1	5.6674E-1	-4.9000E+2
-4.1619E-1	5.6820E-1	-2.5400E+2
-4.1431E-1	5.6965E-1	-1.4800E+2
-4.1242E-1	5.6917E-1	-1.7100E+2
-4.1031E-1	5.6941E-1	-7.8000E+2
-4.0842E-1	5.6990E-1	1.2300E+2
-4.0654E-1	5.6917E-1	-7.5000E+2
-4.0466E-1	5.6674E-1	1.4400E+2
-4.0278E-1	5.6722E-1	-3.6400E+2
-4.0089E-1	5.6577E-1	6.1000E+2
-3.9878E-1	5.6285E-1	2.4700E+2
-3.9689E-1	5.6188E-1	2.2800E+2
-3.9501E-1	5.5921E-1	-5.5000E+1
-3.9313E-1	5.5629E-1	2.2200E+2
-3.9125E-1	5.5338E-1	8.5000E+1
-3.8913E-1	5.4925E-1	-5.5000E+1
-3.8725E-1	5.4536E-1	-4.1100E+2
-3.8536E-1	5.4026E-1	1.9100E+2
-3.8348E-1	5.3710E-1	-2.0100E+2
-3.8160E-1	5.3078E-1	-5.3000E+1
-3.7972E-1	5.2593E-1	2.2800E+2
-3.7760E-1	5.2034E-1	3.1100E+2
-3.7572E-1	5.1354E-1	3.3800E+2
-3.7383E-1	5.0722E-1	3.5000E+2
-3.7195E-1	5.0066E-1	2.9900E+2
-3.7007E-1	4.9094E-1	2.5600E+2
-3.6795E-1	4.8341E-1	3.5000E+2
-3.6607E-1	4.7564E-1	1.0220E+3
-3.6419E-1	4.6835E-1	9.7900E+2
-3.6230E-1	4.5936E-1	1.9500E+2
-3.6042E-1	4.5037E-1	1.0440E+3
-3.5854E-1	4.4260E-1	6.1100E+2
-3.5642E-1	4.3313E-1	9.2900E+2
-3.5454E-1	4.2292E-1	5.3300E+2
-3.5266E-1	4.1199E-1	1.2100E+3
-3.5077E-1	4.0324E-1	9.9900E+2
-3.4889E-1	3.9401E-1	3.6900E+2
-3.4677E-1	3.8430E-1	1.0160E+3
-3.4489E-1	3.7531E-1	6.9300E+2
-3.4301E-1	3.6243E-1	9.8400E+2
-3.4113E-1	3.5053E-1	3.2700E+2
-3.3924E-1	3.4324E-1	1.3530E+3
-3.3736E-1	3.3158E-1	3.7900E+2
-3.3524E-1	3.2113E-1	1.3870E+3
-3.3336E-1	3.1190E-1	9.2700E+2
-3.3148E-1	3.0413E-1	1.8400E+2
-3.2959E-1	2.9222E-1	3.3500E+2
-3.2771E-1	2.8299E-1	5.1400E+2
-3.2559E-1	2.7400E-1	7.0600E+2
-3.2371E-1	2.6647E-1	3.8500E+2
-3.2183E-1	2.5773E-1	4.2800E+2
-3.1995E-1	2.4898E-1	6.8100E+2
-3.1806E-1	2.4169E-1	4.2500E+2
-3.1618E-1	2.3562E-1	6.5300E+2
-3.1406E-1	2.2930E-1	7.7600E+2
-3.1218E-1	2.2396E-1	9.0000E+0
-3.1030E-1	2.1862E-1	9.8300E+2
-3.0842E-1	2.1351E-1	3.8400E+2
-3.0653E-1	2.0841E-1	4.0000E+1
-3.0442E-1	2.1084E-1	-1.2200E+2
-3.0253E-1	2.0112E-1	1.0600E+3
-3.0065E-1	1.9432E-1	4.8900E+2
-2.9877E-1	1.9675E-1	-1.1000E+1
-2.9689E-1	1.9554E-1	7.5300E+2
-2.9500E-1	1.8946E-1	4.3900E+2
-2.9289E-1	1.9286E-1	-9.7000E+1
-2.9100E-1	2.1376E-1	1.0110E+3
-2.8912E-1	1.8679E-1	4.4600E+2
-2.8724E-1	1.8728E-1	-2.0200E+2
-2.8536E-1	2.2080E-1	-2.4740E+3
-2.8324E-1	2.0088E-1	2.0960E+3
-2.8136E-1	1.7562E-1	5.4800E+2
-2.7947E-1	1.6954E-1	3.6100E+2
-2.7759E-1	1.6711E-1	-5.7800E+2
-2.7571E-1	1.6517E-1	-2.7300E+2
-2.7383E-1	1.6541E-1	2.0200E+2
-2.7171E-1	1.7197E-1	3.6100E+2
-2.6983E-1	1.6566E-1	-6.6000E+1
-2.6794E-1	1.6906E-1	1.8300E+2
-2.6606E-1	1.7052E-1	1.4900E+2
-2.6418E-1	1.7319E-1	4.2000E+1
-2.6206E-1	1.7489E-1	-5.9100E+2
-2.6018E-1	1.7805E-1	-4.1000E+2
-2.5830E-1	1.8290E-1	-5.1100E+2
-2.5641E-1	1.8801E-1	1.6500E+2
-2.5453E-1	1.9092E-1	-3.2600E+2
-2.5241E-1	1.9651E-1	-4.2600E+2
-2.5053E-1	2.0234E-1	-3.2000E+2
-2.4865E-1	2.0817E-1	-2.6500E+2
-2.4677E-1	2.1400E-1	-5.9100E+2
-2.4488E-1	2.2032E-1	-4.2600E+2
-2.4300E-1	2.2517E-1	-6.1600E+2
-2.4088E-1	2.3441E-1	-5.4800E+2
-2.3900E-1	2.4121E-1	-6.4200E+2
-2.3712E-1	2.5068E-1	-6.4100E+2
-2.3523E-1	2.5846E-1	-8.9600E+2
-2.3335E-1	2.6526E-1	-7.7500E+2
-2.3123E-1	2.7570E-1	-4.6900E+2
-2.2935E-1	2.8615E-1	-6.2300E+2
-2.2747E-1	2.9587E-1	-8.6000E+2
-2.2559E-1	3.0583E-1	-9.7100E+2
-2.2370E-1	3.1457E-1	-9.2600E+2
-2.2182E-1	3.2551E-1	-1.6330E+3
-2.1970E-1	3.3547E-1	-1.0110E+3
-2.1782E-1	3.4664E-1	-1.0450E+3
-2.1594E-1	3.5660E-1	-8.0000E+2
-2.1406E-1	3.6680E-1	-3.9400E+2
-2.1217E-1	3.7895E-1	-1.0770E+3
-2.1006E-1	3.8964E-1	-9.0300E+2
-2.0817E-1	4.0082E-1	-9.9200E+2
-2.0629E-1	4.0980E-1	-9.1500E+2
-2.0441E-1	4.2074E-1	-1.0920E+3
-2.0253E-1	4.2997E-1	-1.0070E+3
-2.0064E-1	4.4090E-1	-9.1000E+2
-1.9853E-1	4.5062E-1	-6.1400E+2
-1.9664E-1	4.6058E-1	-1.1600E+3
-1.9476E-1	4.7005E-1	-9.1300E+2
-1.9288E-1	4.7904E-1	-8.3100E+2
-1.9100E-1	4.8779E-1	-1.1920E+3
-1.8888E-1	4.9556E-1	-4.6700E+2
-1.8700E-1	5.0358E-1	-8.6800E+2
-1.8511E-1	5.1135E-1	-5.6200E+2
-1.8323E-1	5.1961E-1	-6.6300E+2
-1.8135E-1	5.2593E-1	-8.5200E+2
-1.7947E-1	5.3200E-1	-1.4160E+3
-1.7735E-1	5.3856E-1	-7.2300E+2
-1.7547E-1	5.4560E-1	-7.3600E+2
-1.7358E-1	5.4998E-1	-6.3900E+2
-1.7170E-1	5.5483E-1	-1.6700E+2
-1.6982E-1	5.6067E-1	-6.2300E+2
-1.6770E-1	5.6601E-1	-5.4800E+2
-1.6582E-1	5.7087E-1	-6.4700E+2
-1.6394E-1	5.7524E-1	-6.3800E+2
-1.6205E-1	5.7743E-1	8.6000E+1
-1.6017E-1	5.8107E-1	-5.6100E+2
-1.5829E-1	5.8350E-1	-5.9300E+2
-1.5617E-1	5.8666E-1	-9.0900E+2
-1.5429E-1	5.9079E-1	-2.6700E+2
-1.5241E-1	5.9249E-1	-3.4800E+2
-1.5052E-1	5.9540E-1	-3.2100E+2
-1.4864E-1	5.9711E-1	-9.9700E+2
-1.4652E-1	5.9978E-1	-9.8000E+1
-1.4464E-1	6.0051E-1	4.5000E+2
-1.4276E-1	6.0196E-1	-4.7000E+1
-1.4087E-1	6.0269E-1	8.6000E+1
-1.3899E-1	6.0488E-1	-4.8000E+1
-1.3711E-1	6.0512E-1	-1.9700E+2
-1.3499E-1	6.0634E-1	-2.1000E+2
-1.3311E-1	6.0682E-1	-3.6100E+2
-1.3123E-1	6.0804E-1	2.9000E+1
-1.2934E-1	6.0804E-1	-3.9300E+2
-1.2746E-1	6.1022E-1	-1.5500E+2
-1.2534E-1	6.1120E-1	-4.1000E+1
-1.2346E-1	6.1192E-1	-4.9200E+2
-1.2158E-1	6.1071E-1	-3.4300E+2
-1.1970E-1	6.1071E-1	-5.4200E+2
-1.1781E-1	6.1144E-1	-2.6000E+1
-1.1593E-1	6.1095E-1	1.0500E+2
-1.1381E-1	6.1217E-1	-3.9000E+1
-1.1193E-1	6.1338E-1	7.5000E+1
-1.1005E-1	6.1290E-1	-2.4600E+2
-1.0817E-1	6.1484E-1	-1.3500E+2
-1.0628E-1	6.1314E-1	-1.7100E+2
-1.0417E-1	6.1362E-1	-3.7000E+2
-1.0228E-1	6.1265E-1	-4.3000E+2
-1.0040E-1	6.1314E-1	-1.4600E+2
-9.8519E-2	6.1435E-1	-2.7100E+2
-9.6636E-2	6.1265E-1	-7.9300E+2
-9.4754E-2	6.1508E-1	4.8000E+1
-9.2636E-2	6.1411E-1	-2.4600E+2
-9.0754E-2	6.1557E-1	-2.0000E+2
-8.8871E-2	6.1362E-1	-6.3300E+2
-8.6989E-2	6.1411E-1	2.4600E+2
-8.5106E-2	6.1435E-1	-8.1000E+1
-8.2988E-2	6.1387E-1	-5.1400E+2
-8.1106E-2	6.1460E-1	-5.1300E+2
-7.9223E-2	6.1484E-1	1.5600E+2
-7.7341E-2	6.1484E-1	-3.2500E+2
-7.5458E-2	6.1411E-1	-1.4700E+2
-7.3576E-2	6.1338E-1	-4.9300E+2
-7.1458E-2	6.1435E-1	-3.6100E+2
-6.9575E-2	6.1484E-1	-2.5200E+2
-6.7693E-2	6.1338E-1	-4.5400E+2
-6.5811E-2	6.1508E-1	-4.1500E+2
-6.3928E-2	6.1314E-1	-2.0300E+2
-6.1810E-2	6.1460E-1	-2.4500E+2
-5.9928E-2	6.1460E-1	-4.6100E+2
-5.8045E-2	6.1411E-1	-1.0210E+3
-5.6163E-2	6.1533E-1	1.9500E+2
-5.4280E-2	6.1387E-1	-3.8600E+2
-5.2398E-2	6.1435E-1	-2.1300E+2
-5.0280E-2	6.1411E-1	1.9000E+2
-4.8397E-2	6.1435E-1	-3.8300E+2
-4.6515E-2	6.1460E-1	-2.7600E+2
-4.4632E-2	6.1435E-1	-3.2400E+2
-4.2750E-2	6.1387E-1	-2.6200E+2
-4.0632E-2	6.1290E-1	-3.0100E+2
-3.8750E-2	6.1460E-1	-9.0000E+0
-3.6867E-2	6.1484E-1	-1.3000E+2
-3.4985E-2	6.1338E-1	-2.1000E+2
-3.3102E-2	6.1533E-1	-8.8400E+2
-3.1220E-2	6.1411E-1	-7.3300E+2
-2.9102E-2	6.1362E-1	-4.2700E+2
-2.7219E-2	6.1533E-1	-3.7400E+2
-2.5337E-2	6.1435E-1	-7.3400E+2
-2.3454E-2	6.1411E-1	-2.5700E+2
-2.1572E-2	6.1290E-1	-2.9500E+2
-1.9454E-2	6.1460E-1	-1.0000E+0
-1.7572E-2	6.1362E-1	-5.7500E+2
-1.5689E-2	6.1411E-1	-4.9000E+1
-1.3807E-2	6.1314E-1	-4.9200E+2
-1.1924E-2	6.1387E-1	-4.1700E+2
-9.8063E-3	6.1435E-1	2.5000E+2
-7.9238E-3	6.1338E-1	-1.4200E+2
-6.0413E-3	6.1581E-1	-5.0600E+2
-4.1588E-3	6.1533E-1	-5.5800E+2
-2.2763E-3	6.1387E-1	-1.5700E+2
-3.9384E-4	6.1484E-1	-6.9600E+2
1.7240E-3	6.1460E-1	-1.8600E+2
3.6065E-3	6.1533E-1	-9.6000E+1
5.4890E-3	6.1484E-1	-1.4000E+2
7.3714E-3	6.1508E-1	-4.1200E+2
9.2539E-3	6.1460E-1	-1.5000E+2
1.1372E-2	6.1362E-1	2.1600E+2
1.3254E-2	6.1362E-1	9.8000E+1
1.5137E-2	6.1362E-1	1.3000E+1
1.7019E-2	6.1435E-1	-5.1900E+2
1.8902E-2	6.1557E-1	-1.6200E+2
2.0784E-2	6.1508E-1	-3.0200E+2
2.2902E-2	6.1338E-1	-3.3900E+2
2.4785E-2	6.1290E-1	-6.2800E+2
2.6667E-2	6.1387E-1	-8.8300E+2
2.8550E-2	6.1314E-1	-1.6700E+2
3.0432E-2	6.1484E-1	-5.8300E+2
3.2550E-2	6.1387E-1	-7.1900E+2
3.4432E-2	6.1338E-1	-3.4300E+2
3.6315E-2	6.1435E-1	-8.2500E+2
3.8197E-2	6.1411E-1	-5.5900E+2
4.0080E-2	6.1338E-1	-3.7200E+2
4.1962E-2	6.1484E-1	-3.9400E+2
4.4080E-2	6.1265E-1	-7.6200E+2
4.5963E-2	6.1338E-1	-6.6000E+1
4.7845E-2	6.1362E-1	-1.1700E+2
4.9728E-2	6.1338E-1	-1.6300E+2
5.1610E-2	6.1411E-1	-3.4500E+2
5.3728E-2	6.1460E-1	-5.7300E+2
5.5610E-2	6.1435E-1	-6.2300E+2
5.7493E-2	6.1557E-1	-1.3000E+2
5.9375E-2	6.1265E-1	-8.2000E+1
6.1258E-2	6.1484E-1	-6.3300E+2
6.3140E-2	6.1484E-1	6.9000E+1
6.5258E-2	6.1508E-1	-4.6700E+2
6.7141E-2	6.1435E-1	-6.9100E+2
6.9023E-2	6.1387E-1	-1.8700E+2
7.0906E-2	6.1314E-1	-6.5500E+2
7.2788E-2	6.1484E-1	-3.1900E+2
7.4906E-2	6.1241E-1	-2.2000E+2
7.6788E-2	6.1460E-1	-5.8800E+2
7.8671E-2	6.1460E-1	-5.9300E+2
8.0553E-2	6.1362E-1	1.2100E+2
8.2436E-2	6.1435E-1	3.3000E+1
8.4318E-2	6.1338E-1	-1.0200E+2
8.6436E-2	6.1484E-1	-3.8300E+2
8.8319E-2	6.1265E-1	-4.6000E+1
9.0201E-2	6.1484E-1	8.7000E+1
9.2084E-2	6.1460E-1	-6.6600E+2
9.3966E-2	6.1508E-1	1.0200E+2
9.6084E-2	6.1338E-1	-6.3000E+2
9.7966E-2	6.1460E-1	-3.2500E+2
9.9849E-2	6.1387E-1	3.4000E+1
1.0173E-1	6.1508E-1	-2.0300E+2
1.0361E-1	6.1435E-1	4.4000E+1
1.0550E-1	6.1484E-1	-3.2100E+2
1.0761E-1	6.1533E-1	-5.8200E+2
1.0950E-1	6.1411E-1	-5.3800E+2
1.1138E-1	6.1411E-1	3.2600E+2
1.1326E-1	6.1484E-1	9.9000E+1
1.1514E-1	6.1338E-1	1.3800E+2
1.1726E-1	6.1338E-1	-1.9100E+2
1.1914E-1	6.1557E-1	7.4000E+1
1.2103E-1	6.1387E-1	-3.4000E+2
1.2291E-1	6.1290E-1	3.1000E+1
1.2479E-1	6.1411E-1	1.6300E+2
1.2667E-1	6.1435E-1	-3.9400E+2
1.2879E-1	6.1387E-1	-1.4800E+2
1.3067E-1	6.1508E-1	-6.7500E+2
1.3256E-1	6.1241E-1	-1.0290E+3
1.3444E-1	6.1241E-1	-4.6300E+2
1.3632E-1	6.1508E-1	-4.0500E+2
1.3844E-1	6.1314E-1	-8.4500E+2
1.4032E-1	6.1290E-1	-2.0000E+1
1.4221E-1	6.1265E-1	1.4700E+2
1.4409E-1	6.1314E-1	-3.7800E+2
1.4597E-1	6.1460E-1	-1.6300E+2
1.4785E-1	6.1290E-1	4.3000E+1
1.4997E-1	6.1217E-1	-7.1600E+2
1.5185E-1	6.1338E-1	-9.1500E+2
1.5374E-1	6.1387E-1	-2.5200E+2
1.5562E-1	6.1290E-1	1.0100E+2
1.5750E-1	6.1241E-1	-7.9200E+2
1.5962E-1	6.1362E-1	2.8500E+2
1.6150E-1	6.1192E-1	1.3200E+2
1.6338E-1	6.1290E-1	-2.6600E+2
1.6527E-1	6.1120E-1	2.1000E+1
1.6715E-1	6.1290E-1	-8.4000E+2
1.6903E-1	6.1071E-1	-7.3300E+2
1.7115E-1	6.1217E-1	-4.5500E+2
1.7303E-1	6.1022E-1	1.6300E+2
1.7491E-1	6.0974E-1	-3.4900E+2
1.7680E-1	6.1095E-1	-1.6000E+2
1.7868E-1	6.1022E-1	-1.6000E+2
1.8080E-1	6.0901E-1	-4.7200E+2
1.8268E-1	6.0828E-1	-9.2000E+1
1.8456E-1	6.0731E-1	-1.2900E+2
1.8644E-1	6.0585E-1	-5.6700E+2
1.8833E-1	6.0342E-1	-2.8400E+2
1.9021E-1	6.0439E-1	2.8100E+2
1.9233E-1	6.0415E-1	-6.0700E+2
1.9421E-1	6.0148E-1	-7.2000E+1
1.9609E-1	6.0148E-1	1.4600E+2
1.9797E-1	5.9978E-1	1.0000E+2
1.9986E-1	5.9589E-1	-4.4000E+1
2.0197E-1	5.9686E-1	-1.8800E+2
2.0386E-1	5.9540E-1	-9.6000E+1
2.0562E-1	5.9200E-1	1.1900E+2
2.0750E-1	5.8933E-1	-2.4000E+1
2.0939E-1	5.8642E-1	3.3800E+2
2.1127E-1	5.8277E-1	-3.0700E+2
2.1339E-1	5.7937E-1	-1.2700E+2
2.1527E-1	5.7694E-1	1.3800E+2
2.1715E-1	5.7378E-1	-1.8000E+1
2.1903E-1	5.6990E-1	3.1200E+2
2.2092E-1	5.6577E-1	1.2000E+1
2.2303E-1	5.6261E-1	1.5000E+1
2.2492E-1	5.5969E-1	1.4900E+2
2.2680E-1	5.5532E-1	9.4700E+2
2.2868E-1	5.4925E-1	7.3600E+2
2.3056E-1	5.4658E-1	1.6700E+2
2.3245E-1	5.3880E-1	3.6300E+2
2.3456E-1	5.3419E-1	2.3300E+2
2.3645E-1	5.2763E-1	6.3800E+2
2.3833E-1	5.2155E-1	8.8700E+2
2.4021E-1	5.1645E-1	3.5500E+2
2.4209E-1	5.0795E-1	5.7500E+2
2.4421E-1	5.0285E-1	2.8300E+2
2.4610E-1	4.9507E-1	6.7600E+2
2.4798E-1	4.8803E-1	7.5900E+2
2.4986E-1	4.8147E-1	1.1100E+3
2.5174E-1	4.7370E-1	8.2400E+2
2.5386E-1	4.6689E-1	7.8900E+2
2.5574E-1	4.5766E-1	1.0550E+3
2.5763E-1	4.5086E-1	1.2530E+3
2.5951E-1	4.4309E-1	1.6080E+3
2.6139E-1	4.3385E-1	1.6640E+3
2.6327E-1	4.2632E-1	1.0200E+3
2.6539E-1	4.1904E-1	1.5110E+3
2.6727E-1	4.1223E-1	1.4800E+3
2.6916E-1	4.0495E-1	1.3900E+3
2.7104E-1	3.9596E-1	9.3400E+2
2.7292E-1	3.8964E-1	9.6300E+2
2.7504E-1	3.8332E-1	1.1040E+3
2.7692E-1	3.7385E-1	1.0680E+3
2.7880E-1	3.6826E-1	9.9900E+2
2.8069E-1	3.6267E-1	1.2040E+3
2.8257E-1	3.5709E-1	8.0100E+2
2.8445E-1	3.5053E-1	1.0430E+3
2.8657E-1	3.4518E-1	6.0000E+1
2.8845E-1	3.4008E-1	9.9700E+2
2.9033E-1	3.3620E-1	1.1710E+3
2.9222E-1	3.3158E-1	1.0610E+3
2.9410E-1	3.2696E-1	1.0200E+3
2.9622E-1	3.2381E-1	8.6100E+2
2.9810E-1	3.2138E-1	6.2200E+2
2.9998E-1	3.1870E-1	1.0140E+3
3.0186E-1	3.1846E-1	3.8000E+2
3.0375E-1	3.1652E-1	3.7000E+2
3.0563E-1	3.1652E-1	4.0800E+2
3.0775E-1	3.2259E-1	-4.0900E+2
3.0963E-1	3.4057E-1	2.7000E+1
3.1151E-1	3.3644E-1	8.9400E+2
3.1339E-1	3.3935E-1	9.8900E+2
3.1528E-1	3.5053E-1	-1.0810E+3
3.1739E-1	3.5733E-1	6.2800E+2
3.1928E-1	3.5587E-1	4.0700E+2
3.2116E-1	3.3595E-1	1.4030E+3
3.2304E-1	3.3012E-1	3.4400E+2
3.2492E-1	3.3328E-1	-3.4300E+2
3.2681E-1	3.3231E-1	9.9500E+2
3.2892E-1	3.2794E-1	6.9600E+2
3.3081E-1	3.2915E-1	-1.7000E+2
3.3269E-1	3.3182E-1	2.8300E+2
3.3457E-1	3.3401E-1	-5.0000E+1
3.3645E-1	3.3838E-1	-3.0500E+2
3.3857E-1	3.4227E-1	-1.1100E+2
3.4046E-1	3.4713E-1	5.0300E+2
3.4234E-1	3.5174E-1	-7.2900E+2
3.4422E-1	3.5806E-1	2.4600E+2
3.4610E-1	3.6510E-1	-2.7300E+2
3.4799E-1	3.6972E-1	-3.5900E+2
3.5010E-1	3.7701E-1	-3.2600E+2
3.5199E-1	3.8187E-1	-5.2600E+2
3.5387E-1	3.9158E-1	-2.6300E+2
3.5575E-1	3.9790E-1	-6.9300E+2
3.5763E-1	4.0543E-1	-8.1100E+2
3.5975E-1	4.1321E-1	-4.3200E+2
3.6163E-1	4.2146E-1	-1.4900E+2
3.6352E-1	4.2754E-1	-3.3100E+2
3.6540E-1	4.3580E-1	-5.5800E+2
3.6728E-1	4.4333E-1	-4.3300E+2
3.6916E-1	4.5207E-1	-4.8700E+2
3.7128E-1	4.5742E-1	-3.9900E+2
3.7316E-1	4.6665E-1	-1.8500E+2
3.7505E-1	4.7272E-1	-3.1700E+2
3.7693E-1	4.8098E-1	-4.6400E+2
3.7881E-1	4.8827E-1	-6.3200E+2
3.8093E-1	4.9483E-1	-4.7500E+2
3.8281E-1	5.0358E-1	-4.8900E+2
3.8469E-1	5.0941E-1	-4.6000E+2
3.8658E-1	5.1669E-1	-2.2000E+2
3.8846E-1	5.2350E-1	1.4000E+1
3.9034E-1	5.2957E-1	6.9000E+1
3.9246E-1	5.3516E-1	-6.6700E+2
3.9434E-1	5.4050E-1	-1.4400E+2
3.9622E-1	5.4633E-1	-4.4600E+2
3.9811E-1	5.5143E-1	-5.5000E+2
3.9999E-1	5.5508E-1	-8.6000E+1
4.0211E-1	5.5969E-1	-5.9100E+2
4.0399E-1	5.6577E-1	-4.5600E+2
4.0587E-1	5.6917E-1	-9.5800E+2
4.0775E-1	5.7208E-1	-5.1700E+2
4.0964E-1	5.7500E-1	-4.5600E+2
4.1152E-1	5.7986E-1	-2.7100E+2
4.1364E-1	5.8204E-1	-5.9500E+2
4.1552E-1	5.8544E-1	-5.5100E+2
4.1740E-1	5.8933E-1	-4.2100E+2
4.1928E-1	5.9103E-1	-6.0600E+2
4.2117E-1	5.9322E-1	-2.5400E+2
4.2328E-1	5.9589E-1	-9.5600E+2
4.2517E-1	5.9808E-1	-7.7600E+2
4.2705E-1	5.9905E-1	-3.1200E+2
4.2893E-1	6.0051E-1	-1.3600E+2
4.3081E-1	6.0172E-1	-4.6900E+2
4.3270E-1	6.0391E-1	7.2300E+2
4.3482E-1	6.0464E-1	-5.9600E+2
4.3670E-1	6.0585E-1	-7.1600E+2
4.3858E-1	6.0755E-1	-3.8000E+2
4.4046E-1	6.0804E-1	-4.6600E+2
4.4235E-1	6.0779E-1	-5.5700E+2
4.4446E-1	6.0949E-1	-4.4000E+1
4.4635E-1	6.1071E-1	-2.1000E+1
4.4823E-1	6.1168E-1	-2.8800E+2
4.5011E-1	6.1047E-1	-4.3200E+2
4.5199E-1	6.1120E-1	2.0400E+2
4.5388E-1	6.1071E-1	2.6700E+2
4.5599E-1	6.1241E-1	-1.6500E+2
4.5788E-1	6.1192E-1	-4.6600E+2
4.5976E-1	6.1411E-1	-3.2800E+2
4.6164E-1	6.1387E-1	-4.0600E+2
4.6352E-1	6.1338E-1	-2.1000E+1
4.6564E-1	6.1314E-1	-1.4900E+2
4.6752E-1	6.1460E-1	-8.9600E+2
4.6941E-1	6.1678E-1	-5.3700E+2
4.7129E-1	6.1435E-1	-9.4000E+1
4.7317E-1	6.1460E-1	-3.9500E+2
4.7505E-1	6.1484E-1	-5.0600E+2
4.7717E-1	6.1533E-1	-6.3300E+2
4.7905E-1	6.1557E-1	-5.8900E+2
4.8094E-1	6.1435E-1	-7.9200E+2
4.8282E-1	6.1435E-1	-5.2400E+2
4.8470E-1	6.1460E-1	9.7000E+1
4.8682E-1	6.1484E-1	4.9000E+1
4.8870E-1	6.1460E-1	-4.3100E+2
4.9058E-1	6.1508E-1	-4.7200E+2
4.9247E-1	6.1557E-1	3.8800E+2
4.9435E-1	6.1533E-1	-4.6400E+2
4.9647E-1	6.1508E-1	-1.1220E+3
4.9835E-1	6.1508E-1	-2.6400E+2
5.0023E-1	6.1484E-1	-3.0300E+2
5.0211E-1	6.1605E-1	-1.0900E+2
5.0400E-1	6.1533E-1	-6.0200E+2
5.0588E-1	6.1533E-1	-1.3200E+2
5.0800E-1	6.1533E-1	-5.9400E+2
5.0988E-1	6.1411E-1	-5.9000E+2
5.1176E-1	6.1581E-1	-1.5000E+2
5.1364E-1	6.1508E-1	1.3700E+2
5.1553E-1	6.1581E-1	-2.8000E+1
5.1764E-1	6.1533E-1	-2.3900E+2
5.1953E-1	6.1630E-1	6.2000E+1
5.2141E-1	6.1435E-1	-5.0000E+0
5.2329E-1	6.1508E-1	-1.1670E+3
5.2517E-1	6.1533E-1	-7.4600E+2
5.2706E-1	6.1533E-1	-3.9600E+2
5.2918E-1	6.1581E-1	-1.7800E+2
5.3106E-1	6.1581E-1	-9.1000E+1
5.3294E-1	6.1435E-1	-9.4000E+1
5.3482E-1	6.1362E-1	-2.0000E+2
5.3671E-1	6.1484E-1	-3.5200E+2
5.3882E-1	6.1508E-1	-1.9900E+2
5.4071E-1	6.1411E-1	4.2200E+2
5.4259E-1	6.1508E-1	-1.7600E+2
5.4447E-1	6.1508E-1	-6.7400E+2
5.4635E-1	6.1557E-1	-7.0500E+2
5.4824E-1	6.1460E-1	-2.2900E+2
5.5035E-1	6.1435E-1	2.3600E+2
5.5224E-1	6.1605E-1	-5.8300E+2
5.5412E-1	6.1435E-1	-2.3900E+2
5.5600E-1	6.1533E-1	-2.6900E+2
5.5788E-1	6.1435E-1	-5.8200E+2
5.6000E-1	6.1557E-1	-3.7800E+2
5.6188E-1	6.1508E-1	-6.1300E+2
5.6377E-1	6.1557E-1	-3.3700E+2
5.6565E-1	6.1557E-1	4.8800E+2
5.6753E-1	6.1387E-1	-6.5600E+2
5.6941E-1	6.1533E-1	-4.6000E+2
5.7153E-1	6.1508E-1	-4.0000E+0
5.7341E-1	6.1605E-1	1.2100E+2
5.7530E-1	6.1387E-1	-8.4800E+2
5.7718E-1	6.1508E-1	8.0000E+1
5.7906E-1	6.1508E-1	-1.1930E+3
5.8118E-1	6.1411E-1	-1.9300E+2
5.8306E-1	6.1435E-1	-2.5100E+2
5.8494E-1	6.1411E-1	-2.6200E+2
5.8683E-1	6.1605E-1	-6.9400E+2
5.8871E-1	6.1605E-1	-1.9300E+2
5.9059E-1	6.1533E-1	-2.0900E+2
5.9271E-1	6.1557E-1	3.3400E+2
5.9459E-1	6.1533E-1	-7.1200E+2
5.9647E-1	6.1411E-1	-1.0430E+3
5.9836E-1	6.1484E-1	-6.5800E+2
6.0024E-1	6.1605E-1	-1.0130E+3
6.0236E-1	6.1411E-1	-4.9000E+1
6.0424E-1	6.1338E-1	-1.4300E+2
6.0612E-1	6.1314E-1	-1.6700E+2
6.0800E-1	6.1654E-1	-7.3300E+2
6.0989E-1	6.1387E-1	-5.4500E+2
6.1177E-1	6.1435E-1	-4.4100E+2
6.1389E-1	6.1557E-1	-5.0000E+0
6.1577E-1	6.1314E-1	1.8000E+1
6.1765E-1	6.1484E-1	-4.7600E+2
6.1953E-1	6.1605E-1	-1.2100E+2
6.2142E-1	6.1435E-1	2.0000E+1
6.2354E-1	6.1484E-1	2.7300E+2
6.2542E-1	6.1411E-1	-2.9600E+2
6.2730E-1	6.1435E-1	1.2200E+2
6.2918E-1	6.1484E-1	-1.7500E+2
6.3107E-1	6.1411E-1	-3.9900E+2
6.3295E-1	6.1533E-1	-4.6600E+2
6.3507E-1	6.1387E-1	-8.1000E+1
6.3695E-1	6.1460E-1	-2.6200E+2
6.3883E-1	6.1678E-1	8.5000E+1
6.4071E-1	6.1411E-1	-5.4700E+2
6.4260E-1	6.1508E-1	8.0000E+1
6.4471E-1	6.1314E-1	-5.3300E+2
6.4660E-1	6.1411E-1	-3.8400E+2
6.4848E-1	6.1508E-1	-5.3000E+2
6.5036E-1	6.1362E-1	-8.1900E+2
6.5224E-1	6.1411E-1	-3.3600E+2
6.5413E-1	6.1460E-1	2.0900E+2
6.5624E-1	6.1557E-1	-4.9000E+2
6.5813E-1	6.1338E-1	3.0000E+0
6.6001E-1	6.1290E-1	-3.2500E+2
6.6189E-1	6.1290E-1	-5.5400E+2
6.6377E-1	6.1290E-1	-4.8300E+2
6.6589E-1	6.1290E-1	3.5500E+2
6.6777E-1	6.1290E-1	-1.6500E+2
6.6966E-1	6.1192E-1	-5.1300E+2
6.7154E-1	6.1168E-1	-2.9700E+2
6.7342E-1	6.1168E-1	1.8000E+2
6.7530E-1	6.1144E-1	-2.5400E+2
6.7742E-1	6.1047E-1	-5.0200E+2
6.7930E-1	6.1095E-1	-2.0000E+0
6.8119E-1	6.1047E-1	-6.3300E+2
6.8307E-1	6.0998E-1	2.7900E+2
6.8495E-1	6.0755E-1	-3.8500E+2
6.8707E-1	6.0925E-1	-3.0200E+2
6.8895E-1	6.0707E-1	-4.7800E+2
6.9083E-1	6.0852E-1	-1.8100E+2
6.9272E-1	6.0464E-1	4.4000E+1
6.9460E-1	6.0464E-1	-2.3000E+1
6.9648E-1	6.0512E-1	-1.2500E+2
6.9860E-1	6.0415E-1	-4.2700E+2
7.0048E-1	6.0172E-1	4.1000E+1
7.0236E-1	6.0099E-1	4.9000E+1
7.0425E-1	6.0075E-1	9.5000E+1
7.0613E-1	6.0026E-1	-5.1500E+2
7.0825E-1	5.9929E-1	-5.3000E+1
7.1013E-1	5.9783E-1	5.2000E+1
7.1201E-1	5.9516E-1	2.9000E+1
7.1389E-1	5.9225E-1	-4.8400E+2
7.1578E-1	5.9127E-1	-1.0500E+2
7.1766E-1	5.9006E-1	-3.4500E+2
7.1978E-1	5.8666E-1	-3.5300E+2
7.2166E-1	5.8617E-1	2.4000E+2
7.2354E-1	5.8253E-1	7.4000E+1
7.2543E-1	5.8107E-1	-2.7600E+2
7.2731E-1	5.7961E-1	2.1400E+2
7.2943E-1	5.7646E-1	1.9600E+2
7.3131E-1	5.7403E-1	-2.5000E+1
7.3319E-1	5.7233E-1	-6.7000E+1
7.3507E-1	5.6941E-1	7.1200E+2
7.3696E-1	5.6722E-1	5.0000E+1
7.3907E-1	5.6407E-1	2.1300E+2
7.4096E-1	5.6139E-1	-5.2000E+1
7.4284E-1	5.5702E-1	6.3000E+1
7.4472E-1	5.5605E-1	2.2500E+2
7.4660E-1	5.5313E-1	5.9000E+2
7.4849E-1	5.4998E-1	3.4600E+2
7.5060E-1	5.4658E-1	-3.8700E+2
7.5249E-1	5.4366E-1	-2.2900E+2
7.5437E-1	5.4172E-1	4.8700E+2
7.5625E-1	5.3759E-1	-3.5300E+2
7.5813E-1	5.3249E-1	3.7000E+1
7.6025E-1	5.3297E-1	-1.6000E+2
7.6213E-1	5.3054E-1	8.7000E+1
7.6402E-1	5.2836E-1	2.2000E+2
7.6590E-1	5.2374E-1	-2.2200E+2
7.6778E-1	5.2228E-1	1.8700E+2
7.6966E-1	5.1888E-1	-1.4300E+2
7.7178E-1	5.1839E-1	-2.6000E+1
7.7366E-1	5.1572E-1	-7.2000E+2
7.7555E-1	5.1329E-1	3.2300E+2
7.7743E-1	5.1232E-1	4.1400E+2
7.7931E-1	5.0965E-1	1.0800E+2
7.8143E-1	5.1135E-1	3.7400E+2
7.8331E-1	5.0868E-1	-1.6100E+2
7.8519E-1	5.0892E-1	-3.7500E+2
7.8708E-1	5.1256E-1	3.3200E+2
7.8896E-1	5.0576E-1	3.8800E+2
7.9084E-1	5.0746E-1	-6.5900E+2
7.9296E-1	5.0965E-1	-6.3400E+2
7.9484E-1	5.0892E-1	8.1000E+2
7.9672E-1	5.0673E-1	6.6200E+2
7.9861E-1	5.0552E-1	-1.6500E+2
8.0049E-1	5.1038E-1	-9.9100E+2
8.0261E-1	5.1524E-1	-5.0000E+1
8.0449E-1	5.1014E-1	-1.7300E+2
8.0637E-1	5.1232E-1	-4.3100E+2
8.0825E-1	5.2204E-1	-1.1710E+3
8.1014E-1	5.1937E-1	6.3700E+2
8.1202E-1	5.1135E-1	4.8000E+1
8.1414E-1	5.1159E-1	-1.5900E+2
8.1602E-1	5.1256E-1	-4.3900E+2
8.1790E-1	5.1232E-1	2.2100E+2
8.1979E-1	5.1427E-1	-3.4900E+2
8.2167E-1	5.1767E-1	-3.7400E+2
8.2379E-1	5.2423E-1	-3.6400E+2
8.2567E-1	5.2204E-1	2.4200E+2
8.2755E-1	5.2204E-1	-5.1900E+2
8.2943E-1	5.2423E-1	-7.2800E+2
8.3132E-1	5.2398E-1	-9.5400E+2
8.3320E-1	5.2617E-1	-4.0300E+2
8.3532E-1	5.2787E-1	-5.4700E+2
8.3720E-1	5.3103E-1	7.0400E+2
8.3908E-1	5.3419E-1	-2.6100E+2
8.4096E-1	5.3564E-1	-1.1580E+3
8.4285E-1	5.3904E-1	-2.8100E+2
8.4496E-1	5.4196E-1	-1.5200E+2
8.4685E-1	5.4147E-1	-8.6200E+2
8.4873E-1	5.4560E-1	-4.7100E+2
8.5061E-1	5.4949E-1	-7.7100E+2
8.5249E-1	5.5071E-1	-4.4100E+2
8.5438E-1	5.5459E-1	-4.5400E+2
8.5649E-1	5.5654E-1	-1.0400E+2
8.5838E-1	5.5751E-1	-6.8600E+2
8.6026E-1	5.6139E-1	-1.9000E+2
8.6214E-1	5.6358E-1	-3.4400E+2
8.6402E-1	5.6698E-1	-4.8200E+2
8.6614E-1	5.6771E-1	-3.5600E+2
8.6802E-1	5.7281E-1	-8.1000E+2
8.6991E-1	5.7305E-1	3.7000E+1
8.7179E-1	5.7670E-1	-2.5500E+2
8.7367E-1	5.7743E-1	-1.2600E+2
8.7555E-1	5.7961E-1	2.5400E+2
8.7767E-1	5.8131E-1	-2.9000E+2
8.7955E-1	5.8399E-1	-8.1200E+2
8.8144E-1	5.8714E-1	-4.4200E+2
8.8332E-1	5.8836E-1	-3.1600E+2
8.8520E-1	5.9006E-1	-3.1500E+2
8.8732E-1	5.9225E-1	-4.9500E+2
8.8920E-1	5.9419E-1	-2.5000E+2
8.9108E-1	5.9322E-1	-3.1000E+2
8.9297E-1	5.9613E-1	-1.4000E+2
8.9485E-1	5.9711E-1	-2.0200E+2
8.9673E-1	5.9759E-1	-4.0400E+2
8.9885E-1	6.0051E-1	-1.8500E+2
9.0073E-1	6.0221E-1	-2.9500E+2
9.0261E-1	6.0221E-1	-4.6800E+2
9.0450E-1	6.0245E-1	4.1000E+1
9.0638E-1	6.0245E-1	-5.3200E+2
9.0850E-1	6.0391E-1	-1.1700E+2
9.1038E-1	6.0707E-1	-6.8200E+2
9.1226E-1	6.0512E-1	-2.5500E+2
9.1415E-1	6.0682E-1	-1.6400E+2
9.1603E-1	6.0609E-1	-2.1900E+2
9.1791E-1	6.0658E-1	-3.8200E+2
9.2003E-1	6.0828E-1	-2.0800E+2
9.2191E-1	6.0852E-1	-3.2500E+2
9.2379E-1	6.0828E-1	-8.5800E+2
9.2568E-1	6.0828E-1	3.0200E+2
9.2756E-1	6.1095E-1	-5.9900E+2
9.2968E-1	6.0998E-1	-2.0900E+2
9.3156E-1	6.1120E-1	-6.0800E+2
9.3344E-1	6.1047E-1	-4.9300E+2
9.3532E-1	6.1047E-1	-2.9500E+2
9.3721E-1	6.1047E-1	-3.5900E+2
9.3909E-1	6.1095E-1	9.7000E+1
9.4121E-1	6.0998E-1	-1.1500E+2
9.4309E-1	6.1047E-1	-9.9400E+2
9.4497E-1	6.1095E-1	-3.8400E+2
9.4685E-1	6.1217E-1	-8.7000E+2
9.4874E-1	6.1192E-1	-1.0700E+2
9.5085E-1	6.1192E-1	-4.9000E+2
9.5274E-1	6.1241E-1	-6.9800E+2
9.5462E-1	6.1290E-1	4.2600E+2
9.5650E-1	6.1144E-1	5.9000E+1
9.5838E-1	6.1120E-1	-3.4100E+2
9.5968E-1	6.1168E-1	-3.4800E+2
9.5968E-1	6.1192E-1	-8.7000E+1
9.5968E-1	6.1120E-1	1.2800E+2
9.5968E-1	6.1265E-1	-4.7000E+2
9.5968E-1	6.1217E-1	-4.5800E+2
9.5968E-1	6.1144E-1	-2.2300E+2
9.5968E-1	6.1314E-1	-6.8600E+2
9.5968E-1	6.1265E-1	-1.4700E+2
9.5968E-1	6.1120E-1	-2.3500E+2
9.5968E-1	6.1192E-1	-5.9400E+2
9.5968E-1	6.1217E-1	-3.6500E+2
9.5968E-1	6.1071E-1	-4.9400E+2
9.5968E-1	6.1192E-1	-2.0300E+2
9.5968E-1	6.1192E-1	4.4400E+2
9.5968E-1	6.1314E-1	-3.6300E+2
9.5968E-1	6.1071E-1	-3.4000E+1
9.5968E-1	6.1241E-1	-3.3000E+1
9.5968E-1	6.1265E-1	-6.8500E+2
9.5968E-1	6.1241E-1	-1.2400E+2
9.5968E-1	6.1241E-1	-4.7900E+2
9.5968E-1	6.1071E-1	-6.2800E+2
9.5968E-1	6.1338E-1	4.9000E+1
9.5968E-1	6.1168E-1	-2.2400E+2
9.5968E-1	6.1217E-1	-3.9500E+2
9.5968E-1	6.1290E-1	-3.6700E+2
9.5968E-1	6.1217E-1	1.1600E+2
9.5968E-1	6.1071E-1	2.4100E+2
9.5968E-1	6.1314E-1	-1.9000E+2
9.5968E-1	6.1168E-1	-4.4900E+2
9.5968E-1	6.1241E-1	-1.9600E+2
9.5968E-1	6.1314E-1	-6.8000E+1
9.5968E-1	6.1217E-1	-8.9000E+1
9.5968E-1	6.1217E-1	-2.5700E+2
9.5968E-1	6.1168E-1	-5.6600E+2
9.5968E-1	6.1338E-1	-3.1800E+2
9.5968E-1	6.1120E-1	-5.2400E+2
9.5968E-1	6.1338E-1	-3.6000E+1
9.5968E-1	6.1168E-1	-1.2900E+2
9.5968E-1	6.1290E-1	-6.8000E+1
9.5968E-1	6.1192E-1	-8.6000E+1
9.5968E-1	6.1338E-1	2.4800E+2
9.5968E-1	6.1217E-1	-8.5000E+1
9.5968E-1	6.1144E-1	-4.2400E+2
9.5968E-1	6.1217E-1	3.8000E+1
9.5968E-1	6.1338E-1	-5.9000E+2
9.5968E-1	6.1217E-1	-1.1880E+3
9.5968E-1	6.1071E-1	-7.7300E+2
9.5968E-1	6.1192E-1	-3.3700E+2
9.5968E-1	6.1265E-1	-5.1700E+2
9.5968E-1	6.1192E-1	-2.7500E+2
9.5968E-1	6.1217E-1	2.1300E+2
9.5968E-1	6.1217E-1	2.4000E+1
9.5968E-1	6.1217E-1	-4.4800E+2
9.5968E-1	6.1071E-1	-3.7500E+2
9.5968E-1	6.1241E-1	-2.7000E+2
9.5968E-1	6.1095E-1	-1.0900E+2
9.5968E-1	6.1265E-1	-1.9500E+2
9.5968E-1	6.1265E-1	-2.5300E+2
9.5968E-1	6.1411E-1	9.6000E+1
9.5968E-1	6.1241E-1	-2.8900E+2
9.5968E-1	6.1217E-1	-2.3100E+2
9.5968E-1	6.1168E-1	-3.4500E+2
9.5968E-1	6.1265E-1	-5.2200E+2
9.5968E-1	6.1192E-1	-3.3400E+2
9.5968E-1	6.1265E-1	-2.4900E+2
9.5968E-1	6.1362E-1	4.7000E+1
9.5968E-1	6.1120E-1	-4.0000E+0
9.5968E-1	6.1144E-1	-4.1300E+2
9.5968E-1	6.1411E-1	-5.2200E+2
9.5968E-1	6.1144E-1	1.9900E+2
9.5968E-1	6.1290E-1	-3.6400E+2
9.5968E-1	6.1144E-1	-1.6600E+2
9.5968E-1	6.1217E-1	-1.8500E+2
9.5968E-1	6.1314E-1	-5.3400E+2
9.5968E-1	6.1217E-1	-6.5800E+2
9.5968E-1	6.1144E-1	-2.7000E+1
9.5968E-1	6.1241E-1	-5.5100E+2
9.5968E-1	6.1192E-1	-2.6200E+2
9.5968E-1	6.1217E-1	4.2000E+1
9.5968E-1	6.1120E-1	2.7700E+2
9.5968E-1	6.1192E-1	4.8100E+2
9.5968E-1	6.1071E-1	-2.4400E+2
9.5968E-1	6.1314E-1	-2.4200E+2
9.5968E-1	6.1241E-1	-4.1900E+2
9.5968E-1	6.1241E-1	-2.6500E+2
9.5968E-1	6.1192E-1	-6.0000E+2
9.5968E-1	6.1192E-1	-5.3300E+2
9.5968E-1	6.1314E-1	-2.9700E+2
9.5968E-1	6.1290E-1	-3.1400E+2
9.5968E-1	6.1217E-1	1.3500E+2
9.5968E-1	6.1168E-1	-5.5300E+2
9.5968E-1	6.1314E-1	-2.4700E+2
9.5968E-1	6.1265E-1	-1.3000E+2
9.5968E-1	6.1192E-1	5.7000E+1
9.5968E-1	6.1144E-1	-4.9300E+2
9.5968E-1	6.1168E-1	-6.1100E+2
9.5968E-1	6.1168E-1	-6.4500E+2
9.5968E-1	6.1265E-1	-4.4500E+2
9.5968E-1	6.1290E-1	-3.8500E+2
9.5968E-1	6.1338E-1	-6.0200E+2
9.5968E-1	6.1168E-1	-3.2000E+1
9.5968E-1	6.1168E-1	-2.8600E+2
9.5968E-1	6.1217E-1	1.1500E+2
9.5968E-1	6.1192E-1	-7.4200E+2
9.5968E-1	6.1265E-1	1.0000E+2
9.5968E-1	6.1192E-1	-3.6000E+2
9.5968E-1	6.1314E-1	-3.2900E+2
9.5968E-1	6.1265E-1	-1.0000E+1
