Aux out [V]	Aux in [V]	PDH out [a.u.]
7.1612E-2	6.1411E-1	-1.7600E+2
7.1965E-2	6.1290E-1	-4.1400E+2
7.2317E-2	6.1265E-1	1.4600E+2
7.2670E-2	6.1435E-1	-4.4400E+2
7.3023E-2	6.1265E-1	-1.9700E+2
7.3376E-2	6.1435E-1	-6.6100E+2
7.3729E-2	6.1217E-1	-8.6200E+2
7.4082E-2	6.1362E-1	-4.9800E+2
7.4435E-2	6.1290E-1	2.1200E+2
7.4788E-2	6.1338E-1	-4.7700E+2
7.5259E-2	6.1362E-1	-3.3900E+2
7.5612E-2	6.1387E-1	-7.0900E+2
7.5965E-2	6.1265E-1	-5.5800E+2
7.6318E-2	6.1265E-1	-1.5500E+2
7.6671E-2	6.1265E-1	-6.7900E+2
7.7024E-2	6.1314E-1	1.0000E+2
7.7494E-2	6.1362E-1	-5.9000E+1
7.7847E-2	6.1241E-1	-3.4300E+2
7.8200E-2	6.1362E-1	-2.0700E+2
7.8553E-2	6.1290E-1	-5.5800E+2
7.8906E-2	6.1217E-1	-5.7100E+2
7.9259E-2	6.1460E-1	-3.1200E+2
7.9612E-2	6.1362E-1	1.6200E+2
7.9965E-2	6.1217E-1	-3.4900E+2
8.0318E-2	6.1435E-1	-3.0500E+2
8.0671E-2	6.1265E-1	-4.6000E+2
8.1024E-2	6.1435E-1	-1.6000E+2
8.1495E-2	6.1120E-1	-4.0000E+0
8.1848E-2	6.1192E-1	2.6000E+1
8.2201E-2	6.1290E-1	-1.4800E+2
8.2554E-2	6.1265E-1	-2.9100E+2
8.2907E-2	6.1071E-1	-1.9000E+2
8.3377E-2	6.1217E-1	-1.9400E+2
8.3730E-2	6.1362E-1	-5.4900E+2
8.4083E-2	6.1241E-1	-1.4900E+2
8.4436E-2	6.1168E-1	2.4000E+1
8.4789E-2	6.1314E-1	-1.5700E+2
8.5142E-2	6.1314E-1	-2.3000E+1
8.5495E-2	6.1338E-1	-4.0600E+2
8.5848E-2	6.1217E-1	-4.0500E+2
8.6201E-2	6.1144E-1	-3.1900E+2
8.6554E-2	6.1387E-1	-2.5700E+2
8.6907E-2	6.1484E-1	-6.9900E+2
8.7377E-2	6.1217E-1	1.5000E+2
8.7730E-2	6.1217E-1	-3.7000E+1
8.8083E-2	6.1435E-1	-7.3600E+2
8.8436E-2	6.1387E-1	-4.7100E+2
8.8789E-2	6.1047E-1	-1.4900E+2
8.9142E-2	6.1387E-1	-5.4900E+2
8.9613E-2	6.1168E-1	-4.0400E+2
8.9966E-2	6.1314E-1	6.6000E+2
9.0319E-2	6.1314E-1	-5.1600E+2
9.0672E-2	6.1338E-1	-5.3400E+2
9.1025E-2	6.1265E-1	-1.2200E+2
9.1378E-2	6.1168E-1	-2.2800E+2
9.1731E-2	6.1192E-1	-4.0900E+2
9.2084E-2	6.1192E-1	-3.9300E+2
9.2437E-2	6.1265E-1	-3.5700E+2
9.2790E-2	6.1120E-1	-4.8400E+2
9.3143E-2	6.1095E-1	-3.4500E+2
9.3613E-2	6.1168E-1	-3.5700E+2
9.3966E-2	6.1192E-1	-8.4000E+1
9.4319E-2	6.1120E-1	-3.7800E+2
9.4672E-2	6.1241E-1	-6.2000E+1
9.5025E-2	6.1168E-1	4.1000E+1
9.5378E-2	6.1362E-1	-1.7000E+1
9.5849E-2	6.1120E-1	-4.5000E+2
9.6202E-2	6.1290E-1	-5.5900E+2
9.6555E-2	6.1144E-1	-1.1800E+2
9.6908E-2	6.1047E-1	1.6000E+2
9.7261E-2	6.1290E-1	-1.7900E+2
9.7613E-2	6.1192E-1	-9.1000E+1
9.7966E-2	6.1120E-1	-6.2000E+2
9.8319E-2	6.1241E-1	-2.2300E+2
9.8672E-2	6.1338E-1	-2.7200E+2
9.9025E-2	6.1192E-1	-2.4400E+2
9.9496E-2	6.1120E-1	-1.4200E+2
9.9849E-2	6.1144E-1	-1.2600E+2
1.0020E-1	6.1265E-1	-8.9900E+2
1.0055E-1	6.1144E-1	-8.3000E+1
1.0091E-1	6.0974E-1	3.3800E+2
1.0126E-1	6.1071E-1	-4.7700E+2
1.0161E-1	6.0974E-1	-4.9900E+2
1.0208E-1	6.1095E-1	-3.2200E+2
1.0244E-1	6.1168E-1	-4.0900E+2
1.0279E-1	6.0949E-1	2.1800E+2
1.0314E-1	6.1168E-1	-2.6000E+1
1.0350E-1	6.1047E-1	-3.6900E+2
1.0385E-1	6.1120E-1	-1.7100E+2
1.0420E-1	6.1071E-1	2.5800E+2
1.0456E-1	6.1168E-1	-9.0000E+0
1.0491E-1	6.1120E-1	-2.5700E+2
1.0526E-1	6.1095E-1	3.0600E+2
1.0573E-1	6.1120E-1	1.4900E+2
1.0608E-1	6.0925E-1	-4.0100E+2
1.0644E-1	6.0901E-1	-1.2000E+1
1.0679E-1	6.0998E-1	-4.4900E+2
1.0714E-1	6.1095E-1	-1.4400E+2
1.0750E-1	6.0852E-1	-8.1200E+2
1.0785E-1	6.0974E-1	-1.0100E+3
1.0832E-1	6.0949E-1	-3.9600E+2
1.0867E-1	6.0925E-1	-1.5000E+1
1.0903E-1	6.0925E-1	-4.2200E+2
1.0938E-1	6.1047E-1	2.1000E+1
1.0973E-1	6.0779E-1	-7.5500E+2
1.1009E-1	6.0731E-1	-3.9900E+2
1.1044E-1	6.0949E-1	1.7100E+2
1.1079E-1	6.0852E-1	4.1400E+2
1.1114E-1	6.0852E-1	-4.9800E+2
1.1161E-1	6.0974E-1	1.7000E+1
1.1197E-1	6.0949E-1	1.5100E+2
1.1232E-1	6.0779E-1	-3.4500E+2
1.1267E-1	6.1022E-1	-1.4700E+2
1.1303E-1	6.0804E-1	-2.9800E+2
1.1338E-1	6.0731E-1	-6.7000E+1
1.1373E-1	6.0804E-1	7.9000E+1
1.1409E-1	6.0901E-1	-7.0400E+2
1.1456E-1	6.0755E-1	3.4900E+2
1.1491E-1	6.0779E-1	-3.8600E+2
1.1526E-1	6.0901E-1	-2.8200E+2
1.1561E-1	6.0901E-1	-6.7700E+2
1.1597E-1	6.0877E-1	-5.4900E+2
1.1632E-1	6.0731E-1	2.2200E+2
1.1667E-1	6.0804E-1	-7.8100E+2
1.1703E-1	6.0901E-1	-4.1000E+2
1.1738E-1	6.0609E-1	3.4300E+2
1.1785E-1	6.0585E-1	2.2000E+1
1.1820E-1	6.0682E-1	-1.8000E+1
1.1856E-1	6.0682E-1	1.7600E+2
1.1891E-1	6.0731E-1	-3.3400E+2
1.1926E-1	6.0585E-1	-2.9600E+2
1.1962E-1	6.0755E-1	-1.2000E+2
1.1997E-1	6.0609E-1	1.3300E+2
1.2044E-1	6.0536E-1	-3.7000E+2
1.2079E-1	6.0682E-1	6.0000E+1
1.2114E-1	6.0585E-1	-4.9200E+2
1.2150E-1	6.0634E-1	-1.9800E+2
1.2185E-1	6.0512E-1	-6.7600E+2
1.2220E-1	6.0439E-1	-2.0000E+2
1.2256E-1	6.0585E-1	4.3000E+1
1.2291E-1	6.0366E-1	-4.7200E+2
1.2326E-1	6.0391E-1	-6.6100E+2
1.2373E-1	6.0488E-1	2.2000E+2
1.2409E-1	6.0488E-1	-3.9600E+2
1.2444E-1	6.0561E-1	6.0700E+2
1.2479E-1	6.0464E-1	-2.1500E+2
1.2514E-1	6.0585E-1	-3.8000E+1
1.2550E-1	6.0391E-1	9.4000E+1
1.2585E-1	6.0391E-1	-6.3000E+2
1.2620E-1	6.0221E-1	1.6000E+2
1.2667E-1	6.0269E-1	1.0700E+2
1.2703E-1	6.0294E-1	-3.6300E+2
1.2738E-1	6.0366E-1	5.6100E+2
1.2773E-1	6.0294E-1	1.5400E+2
1.2809E-1	6.0221E-1	-4.9200E+2
1.2844E-1	6.0196E-1	-7.7000E+1
1.2879E-1	6.0099E-1	-3.6800E+2
1.2915E-1	6.0172E-1	1.2400E+2
1.2962E-1	6.0124E-1	-3.6600E+2
1.2997E-1	6.0172E-1	1.1200E+2
1.3032E-1	6.0124E-1	2.7000E+1
1.3067E-1	5.9953E-1	-4.1000E+2
1.3103E-1	6.0075E-1	5.3000E+1
1.3138E-1	5.9953E-1	-5.0400E+2
1.3173E-1	6.0026E-1	4.5100E+2
1.3209E-1	6.0002E-1	-2.2600E+2
1.3244E-1	6.0051E-1	4.5200E+2
1.3291E-1	6.0075E-1	1.8400E+2
1.3326E-1	5.9783E-1	3.4500E+2
1.3362E-1	5.9856E-1	5.1000E+1
1.3397E-1	6.0002E-1	3.9000E+1
1.3432E-1	5.9735E-1	-1.1200E+2
1.3468E-1	5.9832E-1	2.3500E+2
1.3503E-1	5.9759E-1	-3.1400E+2
1.3538E-1	5.9832E-1	1.8600E+2
1.3585E-1	5.9686E-1	3.0400E+2
1.3620E-1	5.9711E-1	2.3300E+2
1.3656E-1	5.9516E-1	4.4200E+2
1.3691E-1	5.9613E-1	-2.0000E+1
1.3726E-1	5.9589E-1	-5.6900E+2
1.3762E-1	5.9516E-1	5.2700E+2
1.3797E-1	5.9492E-1	-2.2900E+2
1.3832E-1	5.9540E-1	5.1000E+1
1.3868E-1	5.9370E-1	2.8000E+2
1.3915E-1	5.9322E-1	5.0000E+1
1.3950E-1	5.9346E-1	-1.8800E+2
1.3985E-1	5.9346E-1	2.5500E+2
1.4020E-1	5.9346E-1	2.0100E+2
1.4056E-1	5.9370E-1	-1.4600E+2
1.4091E-1	5.9152E-1	-4.9000E+2
1.4126E-1	5.9298E-1	4.1000E+2
1.4173E-1	5.9273E-1	2.0000E+1
1.4209E-1	5.9127E-1	4.3600E+2
1.4244E-1	5.9127E-1	6.5000E+1
1.4279E-1	5.9006E-1	7.8000E+1
1.4315E-1	5.9006E-1	2.0300E+2
1.4350E-1	5.8933E-1	1.3100E+2
1.4385E-1	5.8812E-1	1.3700E+2
1.4421E-1	5.8957E-1	-1.7300E+2
1.4456E-1	5.8836E-1	1.7800E+2
1.4491E-1	5.8714E-1	-2.7900E+2
1.4538E-1	5.8714E-1	1.5100E+2
1.4573E-1	5.8617E-1	-1.8000E+1
1.4609E-1	5.8642E-1	2.3700E+2
1.4644E-1	5.8520E-1	3.0800E+2
1.4679E-1	5.8399E-1	-1.0800E+2
1.4715E-1	5.8544E-1	-1.5700E+2
1.4750E-1	5.8423E-1	1.1000E+1
1.4797E-1	5.8374E-1	-9.1000E+1
1.4832E-1	5.8496E-1	2.4800E+2
1.4868E-1	5.8374E-1	-8.5400E+2
1.4903E-1	5.8277E-1	-2.6900E+2
1.4938E-1	5.8374E-1	-2.8600E+2
1.4974E-1	5.8180E-1	9.5100E+2
1.5009E-1	5.8277E-1	-7.0900E+2
1.5044E-1	5.8010E-1	2.0400E+2
1.5079E-1	5.7864E-1	1.0100E+2
1.5115E-1	5.7937E-1	2.0800E+2
1.5162E-1	5.7986E-1	4.4800E+2
1.5197E-1	5.7864E-1	1.2700E+2
1.5232E-1	5.7816E-1	-2.3400E+2
1.5268E-1	5.7646E-1	1.8300E+2
1.5303E-1	5.7694E-1	3.5900E+2
1.5338E-1	5.7597E-1	2.4700E+2
1.5385E-1	5.7403E-1	8.1300E+2
1.5421E-1	5.7524E-1	2.1900E+2
1.5456E-1	5.7524E-1	3.8900E+2
1.5491E-1	5.7305E-1	1.3500E+2
1.5526E-1	5.7403E-1	-9.3000E+1
1.5562E-1	5.7378E-1	-7.1900E+2
1.5597E-1	5.7476E-1	-2.6200E+2
1.5632E-1	5.7160E-1	-2.4400E+2
1.5668E-1	5.7014E-1	4.3800E+2
1.5703E-1	5.7087E-1	3.4200E+2
1.5738E-1	5.6941E-1	1.5000E+2
1.5785E-1	5.6893E-1	4.4400E+2
1.5821E-1	5.6820E-1	4.9400E+2
1.5856E-1	5.6698E-1	-1.4800E+2
1.5891E-1	5.6844E-1	7.1600E+2
1.5927E-1	5.6504E-1	6.8800E+2
1.5962E-1	5.6504E-1	6.9600E+2
1.6009E-1	5.6504E-1	-9.0000E+0
1.6044E-1	5.6334E-1	7.6400E+2
1.6079E-1	5.6261E-1	8.5100E+2
1.6115E-1	5.6188E-1	1.7800E+2
1.6150E-1	5.6188E-1	3.9100E+2
1.6185E-1	5.6164E-1	7.5600E+2
1.6221E-1	5.6018E-1	5.4600E+2
1.6256E-1	5.5969E-1	2.1000E+1
1.6291E-1	5.6042E-1	1.6200E+2
1.6327E-1	5.5872E-1	-1.0000E+0
1.6362E-1	5.5702E-1	3.4000E+1
1.6409E-1	5.5654E-1	2.9500E+2
1.6444E-1	5.5654E-1	2.7800E+2
1.6479E-1	5.5459E-1	4.1600E+2
1.6515E-1	5.5532E-1	2.7900E+2
1.6550E-1	5.5119E-1	-4.1000E+1
1.6597E-1	5.5265E-1	-4.8000E+1
1.6632E-1	5.5216E-1	6.2700E+2
1.6668E-1	5.5095E-1	5.1300E+2
1.6703E-1	5.4949E-1	8.7600E+2
1.6738E-1	5.5022E-1	7.4000E+1
1.6774E-1	5.4803E-1	6.3200E+2
1.6809E-1	5.4682E-1	1.5800E+2
1.6844E-1	5.4706E-1	5.9600E+2
1.6880E-1	5.4755E-1	9.0100E+2
1.6915E-1	5.4366E-1	8.6700E+2
1.6950E-1	5.4317E-1	-3.4800E+2
1.6997E-1	5.4123E-1	1.8900E+2
1.7032E-1	5.4366E-1	-1.6600E+2
1.7068E-1	5.4099E-1	5.3000E+1
1.7103E-1	5.4074E-1	6.0400E+2
1.7138E-1	5.3977E-1	7.4600E+2
1.7174E-1	5.3734E-1	9.1700E+2
1.7221E-1	5.3734E-1	7.6400E+2
1.7256E-1	5.3589E-1	2.6100E+2
1.7291E-1	5.3661E-1	9.2900E+2
1.7327E-1	5.3661E-1	3.7600E+2
1.7362E-1	5.3394E-1	5.4700E+2
1.7397E-1	5.3200E-1	-3.3000E+1
1.7433E-1	5.3030E-1	4.2800E+2
1.7468E-1	5.3054E-1	6.6200E+2
1.7503E-1	5.2957E-1	8.6600E+2
1.7538E-1	5.2811E-1	5.2400E+2
1.7585E-1	5.2836E-1	4.8100E+2
1.7621E-1	5.2641E-1	1.0700E+2
1.7656E-1	5.2544E-1	8.4500E+2
1.7691E-1	5.2593E-1	3.9300E+2
1.7727E-1	5.2301E-1	7.9800E+2
1.7762E-1	5.2423E-1	1.2470E+3
1.7797E-1	5.2034E-1	6.7400E+2
1.7844E-1	5.1937E-1	1.0300E+3
1.7880E-1	5.1791E-1	-1.2000E+1
1.7915E-1	5.1791E-1	5.3400E+2
1.7950E-1	5.1475E-1	2.4900E+2
1.7985E-1	5.1548E-1	2.2400E+2
1.8021E-1	5.1427E-1	6.9000E+2
1.8056E-1	5.1354E-1	3.6900E+2
1.8091E-1	5.1159E-1	1.0620E+3
1.8127E-1	5.1014E-1	9.6900E+2
1.8162E-1	5.1038E-1	8.4100E+2
1.8209E-1	5.0965E-1	6.3200E+2
1.8244E-1	5.0819E-1	1.0440E+3
1.8280E-1	5.0552E-1	1.0800E+3
1.8315E-1	5.0333E-1	6.1600E+2
1.8350E-1	5.0212E-1	9.5200E+2
1.8386E-1	5.0309E-1	5.4200E+2
1.8421E-1	5.0090E-1	1.6000E+1
1.8468E-1	5.0017E-1	1.0200E+3
1.8503E-1	4.9945E-1	8.4600E+2
1.8538E-1	4.9847E-1	1.2020E+3
1.8574E-1	4.9750E-1	7.8100E+2
1.8609E-1	4.9507E-1	5.4400E+2
1.8644E-1	4.9653E-1	1.0030E+3
1.8680E-1	4.9362E-1	1.2930E+3
1.8715E-1	4.9046E-1	1.3930E+3
1.8750E-1	4.9094E-1	6.2100E+2
1.8797E-1	4.8851E-1	8.3200E+2
1.8833E-1	4.8949E-1	8.7400E+2
1.8868E-1	4.8633E-1	4.5400E+2
1.8903E-1	4.8536E-1	4.2200E+2
1.8939E-1	4.8390E-1	9.6900E+2
1.8974E-1	4.8268E-1	7.3900E+2
1.9009E-1	4.8268E-1	1.2360E+3
1.9056E-1	4.8123E-1	1.1320E+3
1.9091E-1	4.7977E-1	6.2700E+2
1.9127E-1	4.7904E-1	4.5200E+2
1.9162E-1	4.7564E-1	8.1400E+2
1.9197E-1	4.7637E-1	5.2400E+2
1.9233E-1	4.7345E-1	5.9300E+2
1.9268E-1	4.7272E-1	7.3500E+2
1.9303E-1	4.7151E-1	4.0800E+2
1.9339E-1	4.7248E-1	2.6300E+2
1.9374E-1	4.7005E-1	8.4300E+2
1.9421E-1	4.6738E-1	7.4900E+2
1.9456E-1	4.6641E-1	1.4720E+3
1.9491E-1	4.6568E-1	8.3000E+1
1.9527E-1	4.6374E-1	5.6000E+2
1.9562E-1	4.6276E-1	4.9000E+1
1.9597E-1	4.6082E-1	5.0600E+2
1.9633E-1	4.5912E-1	5.8500E+2
1.9680E-1	4.5863E-1	6.6500E+2
1.9715E-1	4.5718E-1	8.2000E+2
1.9750E-1	4.5815E-1	7.6500E+2
1.9786E-1	4.5402E-1	5.1900E+2
1.9821E-1	4.5207E-1	8.2700E+2
1.9856E-1	4.5110E-1	6.2400E+2
1.9892E-1	4.4867E-1	1.2540E+3
1.9927E-1	4.4819E-1	1.1000E+3
1.9962E-1	4.4722E-1	8.3200E+2
2.0009E-1	4.4697E-1	8.0900E+2
2.0044E-1	4.4600E-1	1.0670E+3
2.0080E-1	4.4309E-1	1.3130E+3
2.0115E-1	4.4357E-1	7.3800E+2
2.0150E-1	4.4163E-1	1.4390E+3
2.0186E-1	4.4114E-1	1.4520E+3
2.0221E-1	4.3726E-1	8.1100E+2
2.0256E-1	4.3750E-1	9.7300E+2
2.0303E-1	4.3798E-1	6.6800E+2
2.0339E-1	4.3458E-1	5.7200E+2
2.0374E-1	4.3288E-1	8.3000E+2
2.0409E-1	4.3045E-1	9.1100E+2
2.0445E-1	4.2997E-1	9.5600E+2
2.0480E-1	4.3070E-1	1.0840E+3
2.0515E-1	4.2827E-1	3.6900E+2
2.0550E-1	4.2584E-1	7.4300E+2
2.0586E-1	4.2462E-1	1.3290E+3
2.0633E-1	4.2317E-1	1.1480E+3
2.0668E-1	4.2317E-1	6.7900E+2
2.0703E-1	4.2171E-1	7.4300E+2
2.0739E-1	4.2074E-1	1.1730E+3
2.0774E-1	4.1685E-1	9.5100E+2
2.0809E-1	4.1685E-1	1.4100E+2
2.0845E-1	4.1515E-1	1.2270E+3
2.0880E-1	4.1418E-1	1.0820E+3
2.0927E-1	4.1248E-1	1.0130E+3
2.0962E-1	4.1078E-1	1.3010E+3
2.0997E-1	4.0956E-1	1.1030E+3
2.1033E-1	4.0859E-1	3.4800E+2
2.1068E-1	4.0713E-1	1.2360E+3
2.1103E-1	4.0689E-1	1.1350E+3
2.1139E-1	4.0203E-1	9.0700E+2
2.1174E-1	4.0276E-1	6.8700E+2
2.1221E-1	4.0106E-1	5.7900E+2
2.1256E-1	4.0154E-1	1.0980E+3
2.1292E-1	4.0033E-1	9.7500E+2
2.1327E-1	3.9863E-1	7.9500E+2
2.1362E-1	3.9644E-1	1.0600E+3
2.1398E-1	3.9596E-1	1.1000E+3
2.1433E-1	3.9426E-1	1.2380E+3
2.1468E-1	3.9256E-1	1.2400E+3
2.1503E-1	3.9134E-1	9.3500E+2
2.1550E-1	3.9110E-1	1.2020E+3
2.1586E-1	3.8794E-1	1.0560E+3
2.1621E-1	3.8818E-1	1.4010E+3
2.1656E-1	3.8770E-1	8.4900E+2
2.1692E-1	3.8478E-1	1.0320E+3
2.1727E-1	3.8284E-1	9.8400E+2
2.1762E-1	3.8478E-1	1.0330E+3
2.1809E-1	3.8357E-1	1.4440E+3
2.1845E-1	3.7968E-1	5.5300E+2
2.1880E-1	3.7968E-1	1.2520E+3
2.1915E-1	3.7701E-1	8.0300E+2
2.1950E-1	3.7798E-1	8.7700E+2
2.1986E-1	3.7434E-1	1.5470E+3
2.2021E-1	3.7555E-1	1.4050E+3
2.2056E-1	3.7312E-1	1.3990E+3
2.2092E-1	3.7166E-1	9.9400E+2
2.2127E-1	3.7093E-1	7.3400E+2
2.2174E-1	3.6923E-1	8.5600E+2
2.2209E-1	3.6851E-1	6.0100E+2
2.2245E-1	3.6729E-1	1.1870E+3
2.2280E-1	3.6656E-1	1.1960E+3
2.2315E-1	3.6632E-1	6.7100E+2
2.2351E-1	3.6365E-1	1.4100E+3
2.2386E-1	3.6316E-1	1.3870E+3
2.2433E-1	3.6340E-1	1.3610E+3
2.2468E-1	3.6000E-1	1.2840E+3
2.2503E-1	3.6122E-1	7.8300E+2
2.2539E-1	3.5855E-1	5.7300E+2
2.2574E-1	3.5782E-1	8.7200E+2
2.2609E-1	3.5709E-1	5.5700E+2
2.2645E-1	3.5563E-1	1.0710E+3
2.2680E-1	3.5563E-1	8.4800E+2
2.2715E-1	3.5490E-1	5.9100E+2
2.2751E-1	3.5174E-1	6.1200E+2
2.2798E-1	3.5126E-1	1.3280E+3
2.2833E-1	3.5053E-1	9.8300E+2
2.2868E-1	3.4931E-1	8.6500E+2
2.2904E-1	3.4737E-1	7.9400E+2
2.2939E-1	3.4786E-1	9.9600E+2
2.2974E-1	3.4713E-1	7.2000E+1
2.3021E-1	3.4616E-1	3.6700E+2
2.3056E-1	3.4543E-1	8.5200E+2
2.3092E-1	3.4324E-1	8.5800E+2
2.3127E-1	3.4348E-1	8.8100E+2
2.3162E-1	3.4227E-1	1.3240E+3
2.3198E-1	3.4178E-1	7.3100E+2
2.3233E-1	3.4300E-1	8.9700E+2
2.3268E-1	3.4057E-1	8.7600E+2
2.3304E-1	3.3911E-1	8.4100E+2
2.3339E-1	3.3984E-1	9.6400E+2
2.3386E-1	3.3741E-1	5.1800E+2
2.3421E-1	3.3571E-1	1.1390E+3
2.3456E-1	3.3498E-1	1.2600E+2
2.3492E-1	3.3425E-1	1.1720E+3
2.3527E-1	3.3401E-1	1.6270E+3
2.3562E-1	3.3425E-1	2.0400E+2
2.3598E-1	3.3401E-1	1.0700E+3
2.3645E-1	3.3231E-1	1.1110E+3
2.3680E-1	3.3304E-1	9.4000E+2
2.3715E-1	3.3182E-1	3.6100E+2
2.3751E-1	3.2964E-1	6.4600E+2
2.3786E-1	3.3061E-1	4.9300E+2
2.3821E-1	3.2915E-1	8.3300E+2
2.3857E-1	3.2721E-1	9.4900E+2
2.3892E-1	3.2745E-1	1.1780E+3
2.3927E-1	3.2624E-1	1.1340E+3
2.3962E-1	3.2672E-1	5.6100E+2
2.4009E-1	3.2624E-1	5.0200E+2
2.4045E-1	3.2551E-1	4.4000E+1
2.4080E-1	3.2405E-1	1.0500E+3
2.4115E-1	3.2332E-1	3.7600E+2
2.4151E-1	3.2381E-1	1.1300E+3
2.4186E-1	3.2308E-1	8.9300E+2
2.4233E-1	3.2235E-1	7.9700E+2
2.4268E-1	3.2089E-1	5.9600E+2
2.4304E-1	3.2186E-1	5.1000E+1
2.4339E-1	3.2186E-1	4.3100E+2
2.4374E-1	3.2040E-1	8.2900E+2
2.4410E-1	3.2162E-1	6.7300E+2
2.4445E-1	3.2113E-1	7.7800E+2
2.4480E-1	3.2113E-1	8.2700E+2
2.4515E-1	3.2016E-1	6.9600E+2
2.4551E-1	3.1919E-1	8.7700E+2
2.4586E-1	3.2016E-1	6.5100E+2
2.4633E-1	3.2040E-1	4.7700E+2
2.4668E-1	3.2065E-1	6.6100E+2
2.4704E-1	3.1895E-1	5.2400E+2
2.4739E-1	3.1700E-1	1.8400E+2
2.4774E-1	3.1725E-1	4.5100E+2
2.4810E-1	3.1725E-1	3.6900E+2
2.4857E-1	3.1943E-1	3.9000E+2
2.4892E-1	3.1846E-1	5.1300E+2
2.4927E-1	3.1822E-1	3.5500E+2
2.4962E-1	3.1822E-1	1.9200E+2
2.4998E-1	3.1822E-1	-1.8800E+2
2.5033E-1	3.1992E-1	4.4100E+2
2.5068E-1	3.1870E-1	3.3100E+2
2.5104E-1	3.1992E-1	3.5000E+2
2.5139E-1	3.2065E-1	3.5500E+2
2.5174E-1	3.1992E-1	5.5400E+2
2.5210E-1	3.1968E-1	7.3600E+2
2.5257E-1	3.2162E-1	-2.0400E+2
2.5292E-1	3.2453E-1	1.7400E+2
2.5327E-1	3.2453E-1	-1.8100E+2
2.5363E-1	3.2696E-1	-1.6800E+2
2.5398E-1	3.2891E-1	-2.1900E+2
2.5445E-1	3.3328E-1	-5.2600E+2
2.5480E-1	3.3741E-1	-1.3010E+3
2.5515E-1	3.4203E-1	-5.7300E+2
2.5551E-1	3.4227E-1	-6.5000E+1
2.5586E-1	3.4397E-1	9.1000E+1
2.5621E-1	3.4348E-1	1.0050E+3
2.5657E-1	3.4105E-1	9.5300E+2
2.5692E-1	3.3911E-1	8.8400E+2
2.5727E-1	3.3765E-1	-5.9000E+1
2.5763E-1	3.3692E-1	-6.8000E+1
2.5798E-1	3.3765E-1	-4.5400E+2
2.5845E-1	3.4154E-1	2.8800E+2
2.5880E-1	3.4154E-1	2.9700E+2
2.5915E-1	3.4033E-1	7.6300E+2
2.5951E-1	3.4178E-1	1.4040E+3
2.5986E-1	3.4081E-1	4.0300E+2
2.6021E-1	3.4057E-1	4.8000E+1
2.6068E-1	3.4348E-1	-1.0900E+2
2.6104E-1	3.4421E-1	-6.0400E+2
2.6139E-1	3.4810E-1	-1.0620E+3
2.6174E-1	3.5514E-1	-9.1900E+2
2.6210E-1	3.6097E-1	-6.5700E+2
2.6245E-1	3.6438E-1	-1.6900E+2
2.6280E-1	3.6462E-1	4.5800E+2
2.6316E-1	3.6219E-1	3.5900E+2
2.6351E-1	3.5782E-1	7.2500E+2
2.6386E-1	3.5660E-1	5.1800E+2
2.6433E-1	3.5417E-1	-2.0800E+2
2.6468E-1	3.5539E-1	-1.1530E+3
2.6504E-1	3.5733E-1	-1.0200E+3
2.6539E-1	3.5757E-1	-2.5900E+2
2.6574E-1	3.5514E-1	8.6100E+2
2.6610E-1	3.5417E-1	2.1110E+3
2.6657E-1	3.5174E-1	2.1910E+3
2.6692E-1	3.4761E-1	2.4880E+3
2.6727E-1	3.4203E-1	1.6850E+3
2.6763E-1	3.3887E-1	1.0720E+3
2.6798E-1	3.3644E-1	8.7500E+2
2.6833E-1	3.3328E-1	3.1800E+2
2.6869E-1	3.3182E-1	1.0340E+3
2.6904E-1	3.3279E-1	5.3900E+2
2.6939E-1	3.3158E-1	5.5000E+2
2.6974E-1	3.3109E-1	1.4800E+2
2.7010E-1	3.3061E-1	-1.1100E+2
2.7057E-1	3.3182E-1	-1.2000E+2
2.7092E-1	3.3231E-1	-9.1000E+1
2.7127E-1	3.3547E-1	-4.9300E+2
2.7163E-1	3.3449E-1	-2.2900E+2
2.7198E-1	3.3668E-1	-1.9600E+2
2.7233E-1	3.3644E-1	6.3300E+2
2.7280E-1	3.3765E-1	6.7600E+2
2.7316E-1	3.3668E-1	1.2790E+3
2.7351E-1	3.3547E-1	8.5300E+2
2.7386E-1	3.3328E-1	8.1800E+2
2.7421E-1	3.3182E-1	4.2000E+2
2.7457E-1	3.3036E-1	2.8500E+2
2.7492E-1	3.2988E-1	2.9800E+2
2.7527E-1	3.2939E-1	3.3000E+2
2.7563E-1	3.2915E-1	6.1000E+2
2.7598E-1	3.2939E-1	6.9900E+2
2.7645E-1	3.2866E-1	8.1000E+1
2.7680E-1	3.3061E-1	7.5700E+2
2.7716E-1	3.3036E-1	5.2200E+2
2.7751E-1	3.2988E-1	7.8000E+2
2.7786E-1	3.2964E-1	-7.2000E+1
2.7822E-1	3.2891E-1	-2.3200E+2
2.7857E-1	3.2964E-1	4.0500E+2
2.7904E-1	3.3061E-1	5.6400E+2
2.7939E-1	3.3231E-1	2.4500E+2
2.7974E-1	3.3134E-1	3.8000E+1
2.8010E-1	3.3134E-1	-2.6900E+2
2.8045E-1	3.3425E-1	7.3000E+1
2.8080E-1	3.3328E-1	2.3000E+1
2.8116E-1	3.3498E-1	-5.4600E+2
2.8151E-1	3.3401E-1	2.1400E+2
2.8186E-1	3.3449E-1	3.7000E+2
2.8222E-1	3.3449E-1	-2.9000E+1
2.8269E-1	3.3717E-1	7.2200E+2
2.8304E-1	3.3547E-1	6.6000E+1
2.8339E-1	3.3620E-1	-5.3000E+1
2.8375E-1	3.3717E-1	9.4000E+1
2.8410E-1	3.4008E-1	1.0000E+1
2.8445E-1	3.4008E-1	-3.0700E+2
2.8480E-1	3.4081E-1	2.5800E+2
2.8527E-1	3.4057E-1	-4.8100E+2
2.8563E-1	3.4105E-1	2.7800E+2
2.8598E-1	3.4348E-1	-6.2000E+1
2.8633E-1	3.4397E-1	-2.6500E+2
2.8669E-1	3.4470E-1	-6.0000E+1
2.8704E-1	3.4543E-1	2.8500E+2
2.8739E-1	3.4591E-1	1.0700E+2
2.8775E-1	3.4518E-1	-6.0000E+1
2.8810E-1	3.4761E-1	-1.8800E+2
2.8857E-1	3.4858E-1	-6.3000E+1
2.8892E-1	3.5174E-1	-4.2700E+2
2.8927E-1	3.4956E-1	-1.9600E+2
2.8963E-1	3.5004E-1	1.0500E+2
2.8998E-1	3.5271E-1	-2.3600E+2
2.9033E-1	3.5247E-1	6.2200E+2
2.9069E-1	3.5369E-1	1.9000E+1
2.9104E-1	3.5612E-1	4.2100E+2
2.9151E-1	3.5563E-1	3.0000E+0
2.9186E-1	3.5684E-1	1.7000E+2
2.9222E-1	3.5830E-1	1.0900E+2
2.9257E-1	3.5952E-1	-1.4300E+2
2.9292E-1	3.5976E-1	5.7000E+1
2.9328E-1	3.5952E-1	1.0000E+0
2.9363E-1	3.6195E-1	1.3900E+2
2.9398E-1	3.6389E-1	-1.7300E+2
2.9433E-1	3.6316E-1	-2.7300E+2
2.9480E-1	3.6413E-1	-4.1000E+2
2.9516E-1	3.6462E-1	-3.3200E+2
2.9551E-1	3.6802E-1	-3.9100E+2
2.9586E-1	3.6899E-1	-1.6400E+2
2.9622E-1	3.6851E-1	-4.1300E+2
2.9657E-1	3.6972E-1	-3.6800E+2
2.9692E-1	3.7239E-1	-2.3000E+2
2.9728E-1	3.7385E-1	-9.4000E+1
2.9775E-1	3.7506E-1	-2.6800E+2
2.9810E-1	3.7482E-1	-6.9400E+2
2.9845E-1	3.7749E-1	-8.4200E+2
2.9881E-1	3.7871E-1	-2.1700E+2
2.9916E-1	3.7871E-1	7.7000E+1
2.9951E-1	3.7992E-1	9.7000E+1
2.9986E-1	3.8211E-1	-3.0000E+0
3.0022E-1	3.8308E-1	-6.0500E+2
3.0069E-1	3.8381E-1	-2.7300E+2
3.0104E-1	3.8527E-1	-5.9000E+2
3.0139E-1	3.8697E-1	4.6000E+1
3.0175E-1	3.8770E-1	-1.3200E+2
3.0210E-1	3.9061E-1	-4.6200E+2
3.0245E-1	3.8988E-1	-8.1700E+2
3.0281E-1	3.8940E-1	-6.3500E+2
3.0316E-1	3.9158E-1	-6.1800E+2
3.0351E-1	3.9669E-1	-5.9100E+2
3.0398E-1	3.9547E-1	-6.8500E+2
3.0433E-1	3.9644E-1	-4.0500E+2
3.0469E-1	3.9814E-1	-6.4300E+2
3.0504E-1	3.9766E-1	-1.1400E+2
3.0539E-1	4.0009E-1	-2.7800E+2
3.0575E-1	4.0179E-1	-8.2700E+2
3.0610E-1	4.0349E-1	-6.2800E+2
3.0645E-1	4.0300E-1	-8.7900E+2
3.0692E-1	4.0519E-1	-9.7000E+1
3.0728E-1	4.0713E-1	-2.3100E+2
3.0763E-1	4.0810E-1	-3.1500E+2
3.0798E-1	4.0980E-1	-8.9500E+2
3.0834E-1	4.1126E-1	-3.0100E+2
3.0869E-1	4.1126E-1	-1.2300E+2
3.0904E-1	4.1442E-1	-5.5300E+2
3.0939E-1	4.1588E-1	-8.0300E+2
3.0986E-1	4.1491E-1	-4.7400E+2
3.1022E-1	4.1782E-1	-1.6100E+2
3.1057E-1	4.1928E-1	-7.3000E+2
3.1092E-1	4.1855E-1	-4.2300E+2
3.1128E-1	4.2268E-1	-1.9600E+2
3.1163E-1	4.2146E-1	-3.1300E+2
3.1198E-1	4.2487E-1	-2.2100E+2
3.1234E-1	4.2511E-1	-1.2770E+3
3.1281E-1	4.2681E-1	4.2400E+2
3.1316E-1	4.2730E-1	-5.6100E+2
3.1351E-1	4.2900E-1	-5.1200E+2
3.1386E-1	4.3070E-1	-9.3800E+2
3.1422E-1	4.3142E-1	-5.3600E+2
3.1457E-1	4.3313E-1	-6.5500E+2
3.1492E-1	4.3653E-1	-5.0000E+2
3.1528E-1	4.3653E-1	-3.2600E+2
3.1563E-1	4.3677E-1	-8.0600E+2
3.1610E-1	4.3920E-1	-2.6000E+2
3.1645E-1	4.3896E-1	-6.7500E+2
3.1681E-1	4.4284E-1	-9.3600E+2
3.1716E-1	4.4187E-1	-3.5900E+2
3.1751E-1	4.4357E-1	-6.6100E+2
3.1787E-1	4.4624E-1	-3.5000E+2
3.1822E-1	4.4746E-1	-1.5200E+2
3.1869E-1	4.4819E-1	-8.0100E+2
3.1904E-1	4.5110E-1	-7.6100E+2
3.1939E-1	4.5183E-1	-3.5000E+2
3.1975E-1	4.5207E-1	-9.3700E+2
3.2010E-1	4.5426E-1	-6.0300E+2
3.2045E-1	4.5572E-1	-9.2100E+2
3.2081E-1	4.5596E-1	-4.4800E+2
3.2116E-1	4.5669E-1	-9.4900E+2
3.2151E-1	4.5985E-1	-5.2900E+2
3.2187E-1	4.6058E-1	-7.0300E+2
3.2234E-1	4.6131E-1	-5.4300E+2
3.2269E-1	4.6349E-1	-4.5900E+2
3.2304E-1	4.6179E-1	-3.1400E+2
3.2340E-1	4.6544E-1	-1.1170E+3
3.2375E-1	4.6665E-1	-5.5500E+2
3.2410E-1	4.6762E-1	-8.6100E+2
3.2445E-1	4.7102E-1	-5.4700E+2
3.2492E-1	4.7127E-1	-7.5600E+2
3.2528E-1	4.7175E-1	-6.4500E+2
3.2563E-1	4.7418E-1	-1.3140E+3
3.2598E-1	4.7467E-1	-9.2600E+2
3.2634E-1	4.7710E-1	-2.2800E+2
3.2669E-1	4.7734E-1	-1.4790E+3
3.2704E-1	4.7831E-1	-7.7200E+2
3.2740E-1	4.8098E-1	-2.3000E+2
3.2775E-1	4.8268E-1	-6.8000E+2
3.2810E-1	4.8341E-1	-3.7100E+2
3.2857E-1	4.8536E-1	-3.3000E+2
3.2892E-1	4.8730E-1	-9.0800E+2
3.2928E-1	4.8779E-1	-8.1500E+2
3.2963E-1	4.8997E-1	-7.6500E+2
3.2998E-1	4.9094E-1	-7.1200E+2
3.3034E-1	4.9289E-1	-5.3700E+2
3.3081E-1	4.9167E-1	-4.2200E+2
3.3116E-1	4.9507E-1	-9.0400E+2
3.3151E-1	4.9677E-1	-4.6700E+2
3.3187E-1	4.9629E-1	-2.6100E+2
3.3222E-1	4.9799E-1	-1.1800E+2
3.3257E-1	5.0017E-1	-1.0380E+3
3.3293E-1	4.9920E-1	-6.9600E+2
3.3328E-1	5.0090E-1	-6.6700E+2
3.3363E-1	5.0406E-1	-6.2700E+2
3.3398E-1	5.0333E-1	-7.3000E+2
3.3434E-1	5.0698E-1	-8.2900E+2
3.3481E-1	5.0576E-1	-8.0200E+2
3.3516E-1	5.0916E-1	-4.9000E+2
3.3551E-1	5.0941E-1	-4.7600E+2
3.3587E-1	5.1086E-1	-6.9900E+2
3.3622E-1	5.1208E-1	-4.2700E+2
3.3657E-1	5.1086E-1	-6.5600E+2
3.3704E-1	5.1475E-1	-5.5400E+2
3.3740E-1	5.1572E-1	-6.6300E+2
3.3775E-1	5.1475E-1	-9.4800E+2
3.3810E-1	5.1669E-1	-3.3700E+2
3.3846E-1	5.2010E-1	-9.5500E+2
3.3881E-1	5.1985E-1	-6.7000E+2
3.3916E-1	5.2228E-1	-7.3800E+2
3.3951E-1	5.2228E-1	-8.6300E+2
3.3987E-1	5.2180E-1	-7.8800E+2
3.4022E-1	5.2398E-1	-1.1960E+3
3.4057E-1	5.2471E-1	-5.1800E+2
3.4104E-1	5.2544E-1	-6.7800E+2
3.4140E-1	5.2665E-1	-1.0900E+3
3.4175E-1	5.2908E-1	-9.9500E+2
3.4210E-1	5.2933E-1	-6.2300E+2
3.4246E-1	5.3006E-1	-2.8800E+2
3.4293E-1	5.3200E-1	-7.5600E+2
3.4328E-1	5.3151E-1	-7.7200E+2
3.4363E-1	5.3370E-1	-3.5200E+2
3.4398E-1	5.3394E-1	-8.2000E+1
3.4434E-1	5.3491E-1	-1.1040E+3
3.4469E-1	5.3686E-1	8.2000E+1
3.4504E-1	5.3783E-1	-4.8000E+2
3.4540E-1	5.3807E-1	-1.0060E+3
3.4575E-1	5.3783E-1	-5.5500E+2
3.4610E-1	5.4026E-1	-1.8200E+2
3.4646E-1	5.4147E-1	-3.1100E+2
3.4693E-1	5.4172E-1	-8.9400E+2
3.4728E-1	5.4220E-1	-8.7400E+2
3.4763E-1	5.4147E-1	-8.6100E+2
3.4799E-1	5.4536E-1	-3.3400E+2
3.4834E-1	5.4463E-1	-8.5800E+2
3.4869E-1	5.4682E-1	-5.9600E+2
3.4916E-1	5.4706E-1	-3.3300E+2
3.4951E-1	5.4876E-1	-1.0530E+3
3.4987E-1	5.4998E-1	-6.0100E+2
3.5022E-1	5.4900E-1	-5.8800E+2
3.5057E-1	5.5241E-1	-2.3800E+2
3.5093E-1	5.5289E-1	-7.7500E+2
3.5128E-1	5.5338E-1	-4.1000E+2
3.5163E-1	5.5411E-1	-9.1000E+1
3.5199E-1	5.5265E-1	-1.1650E+3
3.5234E-1	5.5508E-1	-9.2600E+2
3.5269E-1	5.5726E-1	-9.1000E+1
3.5316E-1	5.5751E-1	-5.5100E+2
3.5351E-1	5.5775E-1	-7.2200E+2
3.5387E-1	5.5872E-1	-8.9600E+2
3.5422E-1	5.5799E-1	-8.5400E+2
3.5457E-1	5.6018E-1	-5.5800E+2
3.5493E-1	5.6042E-1	-6.6600E+2
3.5540E-1	5.6261E-1	-4.9700E+2
3.5575E-1	5.6237E-1	-5.2900E+2
3.5610E-1	5.6407E-1	-9.5000E+2
3.5646E-1	5.6431E-1	-3.6700E+2
3.5681E-1	5.6601E-1	-2.7300E+2
3.5716E-1	5.6528E-1	-2.3300E+2
3.5752E-1	5.6674E-1	-3.1000E+2
3.5787E-1	5.6650E-1	-6.3000E+1
3.5822E-1	5.6795E-1	-4.6600E+2
3.5857E-1	5.6820E-1	-5.8300E+2
3.5904E-1	5.6893E-1	-5.1000E+2
3.5940E-1	5.7087E-1	-1.2170E+3
3.5975E-1	5.7063E-1	-9.7300E+2
3.6010E-1	5.7038E-1	-4.0000E+2
3.6046E-1	5.7233E-1	-3.9600E+2
3.6081E-1	5.7208E-1	-4.5000E+1
3.6116E-1	5.7111E-1	-4.1000E+2
3.6163E-1	5.7500E-1	-4.9500E+2
3.6199E-1	5.7451E-1	-1.1960E+3
3.6234E-1	5.7573E-1	-1.2600E+2
3.6269E-1	5.7548E-1	-3.8600E+2
3.6305E-1	5.7670E-1	-6.9900E+2
3.6340E-1	5.7597E-1	-3.9300E+2
3.6375E-1	5.7816E-1	-6.2400E+2
3.6410E-1	5.7961E-1	-4.7500E+2
3.6446E-1	5.7937E-1	-1.2200E+2
3.6493E-1	5.7864E-1	-4.4400E+2
3.6528E-1	5.8034E-1	-4.0000E+1
3.6563E-1	5.7889E-1	-5.9800E+2
3.6599E-1	5.8107E-1	-8.3500E+2
3.6634E-1	5.8229E-1	-6.8800E+2
3.6669E-1	5.8350E-1	-5.8000E+2
3.6705E-1	5.8156E-1	-4.1000E+2
3.6740E-1	5.8350E-1	-3.5000E+2
3.6787E-1	5.8204E-1	-7.3300E+2
3.6822E-1	5.8447E-1	-2.8900E+2
3.6857E-1	5.8472E-1	-9.6900E+2
3.6893E-1	5.8544E-1	-3.5000E+1
3.6928E-1	5.8496E-1	-5.2800E+2
3.6963E-1	5.8787E-1	-3.0300E+2
3.6999E-1	5.8569E-1	-9.9300E+2
3.7034E-1	5.8666E-1	-7.5100E+2
3.7069E-1	5.8763E-1	-2.3200E+2
3.7116E-1	5.8860E-1	-1.9200E+2
3.7152E-1	5.8836E-1	-1.5800E+2
3.7187E-1	5.8933E-1	-5.9800E+2
3.7222E-1	5.9030E-1	-1.0300E+3
3.7258E-1	5.9103E-1	-1.2700E+2
3.7293E-1	5.9030E-1	-3.9500E+2
3.7328E-1	5.9079E-1	-5.3500E+2
3.7363E-1	5.8957E-1	-8.0600E+2
3.7410E-1	5.9103E-1	-2.1100E+2
3.7446E-1	5.9176E-1	-6.6200E+2
3.7481E-1	5.9395E-1	-2.8300E+2
3.7516E-1	5.9370E-1	-6.2900E+2
3.7552E-1	5.9225E-1	9.4000E+1
3.7587E-1	5.9298E-1	-4.0100E+2
3.7622E-1	5.9152E-1	2.4500E+2
3.7658E-1	5.9395E-1	-3.9000E+2
3.7705E-1	5.9346E-1	-7.6300E+2
3.7740E-1	5.9346E-1	-7.5300E+2
3.7775E-1	5.9419E-1	-2.1700E+2
3.7811E-1	5.9565E-1	-5.5900E+2
3.7846E-1	5.9686E-1	1.1000E+2
3.7881E-1	5.9662E-1	-6.9000E+1
3.7916E-1	5.9468E-1	-8.9100E+2
3.7952E-1	5.9711E-1	-8.6800E+2
3.7999E-1	5.9808E-1	9.2000E+1
3.8034E-1	5.9662E-1	-5.5100E+2
3.8069E-1	5.9808E-1	-6.7100E+2
3.8105E-1	5.9905E-1	-2.3000E+2
3.8140E-1	5.9832E-1	-5.8800E+2
3.8175E-1	5.9808E-1	2.1400E+2
3.8211E-1	5.9978E-1	-1.3400E+2
3.8246E-1	5.9978E-1	-9.0700E+2
3.8281E-1	6.0026E-1	-2.6000E+1
3.8328E-1	6.0002E-1	-7.1000E+2
3.8363E-1	5.9905E-1	-4.8100E+2
3.8399E-1	6.0026E-1	-5.3200E+2
3.8434E-1	6.0124E-1	-4.6800E+2
3.8469E-1	6.0051E-1	-2.4600E+2
3.8505E-1	6.0294E-1	-2.7700E+2
3.8540E-1	6.0099E-1	-7.2200E+2
3.8575E-1	6.0172E-1	-2.7000E+1
3.8622E-1	6.0075E-1	-5.1700E+2
3.8658E-1	6.0148E-1	-2.6600E+2
3.8693E-1	6.0269E-1	2.1600E+2
3.8728E-1	6.0196E-1	7.8000E+1
3.8764E-1	6.0221E-1	-3.9000E+2
3.8799E-1	6.0294E-1	-2.8000E+2
3.8834E-1	6.0342E-1	-3.6100E+2
3.8869E-1	6.0318E-1	-5.5100E+2
3.8916E-1	6.0415E-1	-5.8100E+2
3.8952E-1	6.0415E-1	-1.3900E+2
3.8987E-1	6.0439E-1	-1.2000E+2
3.9022E-1	6.0585E-1	-3.6000E+2
3.9058E-1	6.0415E-1	4.1100E+2
3.9093E-1	6.0585E-1	-4.6800E+2
3.9128E-1	6.0439E-1	-5.1500E+2
3.9164E-1	6.0488E-1	-2.1000E+2
3.9199E-1	6.0609E-1	-1.1330E+3
3.9246E-1	6.0439E-1	-6.9200E+2
3.9281E-1	6.0707E-1	-2.4300E+2
3.9317E-1	6.0536E-1	-3.2100E+2
3.9352E-1	6.0536E-1	-5.3000E+1
3.9387E-1	6.0658E-1	-3.5700E+2
3.9422E-1	6.0852E-1	3.2300E+2
3.9458E-1	6.0682E-1	-2.1800E+2
3.9493E-1	6.0755E-1	-8.7500E+2
3.9540E-1	6.0804E-1	-6.0400E+2
3.9575E-1	6.0682E-1	-5.1100E+2
3.9611E-1	6.0779E-1	-5.3900E+2
3.9646E-1	6.0804E-1	2.9300E+2
3.9681E-1	6.0901E-1	1.6700E+2
3.9717E-1	6.0658E-1	1.5000E+2
3.9752E-1	6.0852E-1	-4.2000E+2
3.9787E-1	6.0779E-1	-3.9200E+2
3.9822E-1	6.0852E-1	-2.5500E+2
3.9869E-1	6.0779E-1	-1.4800E+2
3.9905E-1	6.0828E-1	-6.0900E+2
3.9940E-1	6.0658E-1	-1.9000E+2
3.9975E-1	6.0949E-1	-5.1000E+1
4.0011E-1	6.0852E-1	-3.2700E+2
4.0046E-1	6.0901E-1	-2.8900E+2
4.0081E-1	6.1047E-1	-6.4700E+2
4.0128E-1	6.0877E-1	-4.6800E+2
4.0164E-1	6.0852E-1	-1.9500E+2
4.0199E-1	6.0949E-1	-4.2500E+2
4.0234E-1	6.1047E-1	-1.4600E+2
4.0270E-1	6.0974E-1	-4.8000E+2
4.0305E-1	6.0998E-1	-3.6900E+2
4.0340E-1	6.0974E-1	-1.0700E+3
4.0375E-1	6.0974E-1	-9.1000E+1
4.0411E-1	6.1071E-1	-3.9600E+2
4.0446E-1	6.1144E-1	-3.6400E+2
4.0493E-1	6.1095E-1	-6.0200E+2
4.0528E-1	6.0974E-1	-6.8700E+2
4.0564E-1	6.1217E-1	-5.4000E+1
4.0599E-1	6.1217E-1	-4.8600E+2
4.0634E-1	6.0852E-1	-5.5700E+2
4.0670E-1	6.1168E-1	1.0000E+2
4.0717E-1	6.1192E-1	-3.1600E+2
4.0752E-1	6.1120E-1	-1.7500E+2
4.0787E-1	6.1022E-1	-1.3900E+2
4.0822E-1	6.1120E-1	-4.4700E+2
4.0858E-1	6.1120E-1	-2.9300E+2
4.0893E-1	6.1047E-1	-2.5000E+1
4.0928E-1	6.0974E-1	-8.2000E+1
4.0964E-1	6.0974E-1	-7.9700E+2
4.0999E-1	6.1314E-1	-3.8400E+2
4.1034E-1	6.1144E-1	-7.1400E+2
4.1070E-1	6.1144E-1	-7.2800E+2
4.1117E-1	6.1022E-1	3.3000E+1
4.1152E-1	6.1095E-1	-2.0200E+2
4.1187E-1	6.1192E-1	-2.5000E+2
4.1223E-1	6.1095E-1	-3.6000E+1
4.1258E-1	6.1192E-1	-9.2800E+2
4.1293E-1	6.1022E-1	-6.7400E+2
4.1340E-1	6.1314E-1	-2.3000E+2
4.1375E-1	6.1144E-1	-3.2600E+2
4.1411E-1	6.1192E-1	-1.4400E+2
4.1446E-1	6.1144E-1	-2.5400E+2
4.1481E-1	6.1290E-1	-3.7300E+2
4.1517E-1	6.1192E-1	2.4000E+1
4.1552E-1	6.1314E-1	-6.9400E+2
4.1587E-1	6.1168E-1	-3.2400E+2
4.1623E-1	6.1144E-1	-5.3100E+2
4.1658E-1	6.1362E-1	-5.1800E+2
4.1693E-1	6.1265E-1	-3.5100E+2
4.1740E-1	6.1362E-1	-5.8800E+2
4.1776E-1	6.1144E-1	-5.6000E+2
4.1811E-1	6.1338E-1	-2.5600E+2
4.1846E-1	6.1241E-1	-3.1900E+2
4.1881E-1	6.1314E-1	-6.4500E+2
4.1928E-1	6.1120E-1	2.6700E+2
4.1964E-1	6.1314E-1	7.3000E+1
4.1999E-1	6.1290E-1	1.8000E+2
4.2034E-1	6.1387E-1	-7.0000E+2
4.2070E-1	6.1387E-1	-8.4700E+2
4.2105E-1	6.1314E-1	-3.7700E+2
4.2140E-1	6.1387E-1	-3.5000E+2
4.2176E-1	6.1387E-1	-6.3600E+2
4.2211E-1	6.1290E-1	-3.0400E+2
4.2246E-1	6.1362E-1	-2.9400E+2
4.2281E-1	6.1217E-1	3.4000E+2
4.2328E-1	6.1265E-1	-4.4800E+2
4.2364E-1	6.1265E-1	-5.7700E+2
4.2399E-1	6.1290E-1	-1.9600E+2
4.2434E-1	6.1484E-1	-1.8700E+2
4.2470E-1	6.1241E-1	-5.7500E+2
4.2505E-1	6.1338E-1	-2.5400E+2
4.2552E-1	6.1460E-1	2.8000E+1
4.2587E-1	6.1362E-1	-2.6000E+1
4.2623E-1	6.1217E-1	-5.5100E+2
4.2658E-1	6.1387E-1	-2.5500E+2
4.2693E-1	6.1290E-1	-1.3200E+2
4.2729E-1	6.1192E-1	-4.6300E+2
4.2764E-1	6.1338E-1	-3.9000E+1
4.2799E-1	6.1362E-1	-4.2000E+2
4.2834E-1	6.1290E-1	-2.2800E+2
4.2870E-1	6.1411E-1	-6.5000E+2
4.2905E-1	6.1362E-1	-6.8200E+2
4.2952E-1	6.1338E-1	-1.1650E+3
4.2987E-1	6.1314E-1	4.3900E+2
4.3023E-1	6.1192E-1	-2.9700E+2
4.3058E-1	6.1265E-1	6.7000E+1
4.3093E-1	6.1362E-1	4.2600E+2
4.3140E-1	6.1192E-1	1.1400E+2
4.3176E-1	6.1460E-1	-7.7600E+2
4.3211E-1	6.1581E-1	3.6700E+2
4.3246E-1	6.1435E-1	-3.9800E+2
4.3282E-1	6.1338E-1	3.1300E+2
4.3317E-1	6.1241E-1	-2.3300E+2
4.3352E-1	6.1484E-1	1.7700E+2
4.3387E-1	6.1411E-1	-7.6100E+2
4.3423E-1	6.1265E-1	-1.5200E+2
4.3458E-1	6.1290E-1	-3.6300E+2
4.3493E-1	6.1387E-1	-2.3900E+2
4.3540E-1	6.1338E-1	-3.6000E+1
4.3576E-1	6.1290E-1	-4.8000E+2
4.3611E-1	6.1484E-1	-7.7000E+1
4.3646E-1	6.1338E-1	8.5000E+1
4.3682E-1	6.1338E-1	-1.0700E+2
4.3717E-1	6.1411E-1	1.4400E+2
4.3764E-1	6.1460E-1	-8.9700E+2
4.3799E-1	6.1290E-1	-1.1800E+2
4.3834E-1	6.1435E-1	-6.3100E+2
