Aux out [V]	Aux in [V]	PDH out [a.u.]
-3.9842E-1	5.6407E-1	-8.6000E+1
-3.9819E-1	5.6528E-1	-6.0100E+2
-3.9784E-1	5.6528E-1	-2.2700E+2
-3.9760E-1	5.6552E-1	-2.5400E+2
-3.9736E-1	5.6601E-1	-1.3900E+2
-3.9701E-1	5.6480E-1	-6.8100E+2
-3.9666E-1	5.6698E-1	1.6100E+2
-3.9642E-1	5.6504E-1	4.9600E+2
-3.9619E-1	5.6650E-1	-1.1000E+1
-3.9584E-1	5.6868E-1	-2.0000E+2
-3.9560E-1	5.6601E-1	4.6000E+2
-3.9525E-1	5.6601E-1	-2.8900E+2
-3.9501E-1	5.6601E-1	-6.9900E+2
-3.9466E-1	5.6577E-1	-9.6000E+1
-3.9442E-1	5.6674E-1	-6.0200E+2
-3.9419E-1	5.6722E-1	3.3000E+2
-3.9384E-1	5.6577E-1	1.8600E+2
-3.9360E-1	5.6650E-1	2.0000E+0
-3.9325E-1	5.6601E-1	-4.4500E+2
-3.9301E-1	5.6601E-1	1.8300E+2
-3.9266E-1	5.6577E-1	-5.7800E+2
-3.9242E-1	5.6552E-1	1.1800E+2
-3.9207E-1	5.6601E-1	-6.7100E+2
-3.9183E-1	5.6650E-1	3.0400E+2
-3.9160E-1	5.6650E-1	-6.3500E+2
-3.9125E-1	5.6625E-1	2.1300E+2
-3.9101E-1	5.6455E-1	-2.8000E+2
-3.9066E-1	5.6528E-1	3.0000E+2
-3.9042E-1	5.6528E-1	-5.4600E+2
-3.9007E-1	5.6528E-1	-7.6000E+1
-3.8983E-1	5.6504E-1	-3.9100E+2
-3.8960E-1	5.6504E-1	-4.2000E+2
-3.8925E-1	5.6407E-1	2.6500E+2
-3.8901E-1	5.6455E-1	4.1400E+2
-3.8866E-1	5.6431E-1	-7.5100E+2
-3.8842E-1	5.6504E-1	-6.6300E+2
-3.8807E-1	5.6504E-1	-4.6700E+2
-3.8783E-1	5.6504E-1	-2.0300E+2
-3.8748E-1	5.6480E-1	8.9000E+1
-3.8725E-1	5.6285E-1	-4.8800E+2
-3.8701E-1	5.6480E-1	1.7300E+2
-3.8666E-1	5.6358E-1	-1.1800E+2
-3.8642E-1	5.6407E-1	-4.0500E+2
-3.8607E-1	5.6139E-1	1.0600E+2
-3.8583E-1	5.6309E-1	1.1300E+2
-3.8548E-1	5.6407E-1	1.0100E+2
-3.8525E-1	5.6261E-1	-1.0200E+2
-3.8501E-1	5.6358E-1	-3.7000E+1
-3.8466E-1	5.6188E-1	-2.4100E+2
-3.8430E-1	5.6164E-1	-3.1100E+2
-3.8407E-1	5.6139E-1	-3.1200E+2
-3.8383E-1	5.6115E-1	7.6600E+2
-3.8348E-1	5.6091E-1	-1.3400E+2
-3.8325E-1	5.6018E-1	-2.3400E+2
-3.8289E-1	5.6115E-1	9.7000E+1
-3.8266E-1	5.6042E-1	4.2000E+1
-3.8230E-1	5.5896E-1	-2.1100E+2
-3.8207E-1	5.5921E-1	2.2800E+2
-3.8183E-1	5.5945E-1	-3.8000E+1
-3.8148E-1	5.5945E-1	6.4000E+1
-3.8125E-1	5.5896E-1	2.7100E+2
-3.8089E-1	5.5921E-1	-2.1600E+2
-3.8066E-1	5.5872E-1	6.2000E+1
-3.8030E-1	5.5824E-1	-3.7100E+2
-3.8007E-1	5.5824E-1	-1.8300E+2
-3.7972E-1	5.5775E-1	3.6900E+2
-3.7948E-1	5.5605E-1	-2.2000E+1
-3.7925E-1	5.5726E-1	-2.1000E+1
-3.7889E-1	5.5654E-1	-6.6300E+2
-3.7866E-1	5.5532E-1	-6.6200E+2
-3.7830E-1	5.5556E-1	-1.1000E+1
-3.7807E-1	5.5459E-1	2.0300E+2
-3.7772E-1	5.5411E-1	1.5400E+2
-3.7748E-1	5.5411E-1	-2.1000E+2
-3.7725E-1	5.5532E-1	-3.7800E+2
-3.7689E-1	5.5241E-1	3.2100E+2
-3.7666E-1	5.5313E-1	2.5300E+2
-3.7630E-1	5.5313E-1	7.7000E+1
-3.7607E-1	5.5216E-1	-1.5800E+2
-3.7572E-1	5.5119E-1	2.5500E+2
-3.7548E-1	5.5289E-1	-4.4100E+2
-3.7525E-1	5.5241E-1	3.5100E+2
-3.7489E-1	5.4973E-1	4.3200E+2
-3.7466E-1	5.5071E-1	4.9800E+2
-3.7430E-1	5.4925E-1	2.0000E+2
-3.7407E-1	5.4876E-1	-4.5700E+2
-3.7372E-1	5.4900E-1	1.8200E+2
-3.7348E-1	5.4706E-1	-6.6000E+1
-3.7313E-1	5.4706E-1	-1.0800E+2
-3.7289E-1	5.4779E-1	-4.6800E+2
-3.7254E-1	5.4658E-1	2.9900E+2
-3.7230E-1	5.4633E-1	-1.5600E+2
-3.7207E-1	5.4415E-1	1.5500E+2
-3.7172E-1	5.4342E-1	4.8100E+2
-3.7148E-1	5.4463E-1	-5.0300E+2
-3.7113E-1	5.4487E-1	3.6000E+2
-3.7089E-1	5.4245E-1	-1.9900E+2
-3.7054E-1	5.4342E-1	5.4200E+2
-3.7030E-1	5.4172E-1	1.1000E+2
-3.6995E-1	5.4317E-1	-1.1700E+2
-3.6972E-1	5.3953E-1	-5.0700E+2
-3.6948E-1	5.4099E-1	3.5800E+2
-3.6913E-1	5.4172E-1	2.4200E+2
-3.6889E-1	5.3856E-1	7.8000E+1
-3.6854E-1	5.3807E-1	2.5200E+2
-3.6830E-1	5.3929E-1	4.5000E+2
-3.6795E-1	5.3856E-1	1.4800E+2
-3.6772E-1	5.3661E-1	1.3700E+2
-3.6748E-1	5.3759E-1	5.7100E+2
-3.6713E-1	5.3419E-1	3.7800E+2
-3.6689E-1	5.3491E-1	-2.2000E+2
-3.6654E-1	5.3273E-1	-2.5100E+2
-3.6630E-1	5.3321E-1	-2.8500E+2
-3.6595E-1	5.3273E-1	7.0000E+0
-3.6572E-1	5.3224E-1	3.5900E+2
-3.6536E-1	5.3078E-1	4.2000E+1
-3.6513E-1	5.2933E-1	-2.9000E+2
-3.6489E-1	5.2836E-1	1.4000E+2
-3.6454E-1	5.2884E-1	8.1700E+2
-3.6430E-1	5.2665E-1	1.7900E+2
-3.6395E-1	5.2811E-1	1.6000E+2
-3.6372E-1	5.2690E-1	7.2000E+1
-3.6336E-1	5.2593E-1	6.9800E+2
-3.6313E-1	5.2447E-1	6.8100E+2
-3.6289E-1	5.2423E-1	1.8900E+2
-3.6254E-1	5.2277E-1	4.1400E+2
-3.6219E-1	5.2301E-1	6.5200E+2
-3.6195E-1	5.2228E-1	1.5800E+2
-3.6171E-1	5.2131E-1	-4.3500E+2
-3.6136E-1	5.1912E-1	-4.4700E+2
-3.6113E-1	5.1815E-1	2.3200E+2
-3.6077E-1	5.1791E-1	8.9000E+1
-3.6054E-1	5.1767E-1	7.2900E+2
-3.6019E-1	5.1742E-1	8.5000E+2
-3.5995E-1	5.1718E-1	7.0500E+2
-3.5971E-1	5.1572E-1	8.1500E+2
-3.5936E-1	5.1427E-1	5.5800E+2
-3.5913E-1	5.1451E-1	2.6500E+2
-3.5877E-1	5.1232E-1	5.5700E+2
-3.5854E-1	5.1427E-1	-1.4300E+2
-3.5819E-1	5.1111E-1	2.2800E+2
-3.5795E-1	5.0965E-1	3.8300E+2
-3.5760E-1	5.0843E-1	3.8000E+2
-3.5736E-1	5.1111E-1	1.4200E+2
-3.5713E-1	5.0771E-1	3.5900E+2
-3.5677E-1	5.0576E-1	7.0000E+1
-3.5654E-1	5.0649E-1	3.4700E+2
-3.5619E-1	5.0601E-1	-4.9500E+2
-3.5595E-1	5.0382E-1	2.0600E+2
-3.5560E-1	5.0285E-1	9.3000E+2
-3.5536E-1	5.0066E-1	5.8300E+2
-3.5513E-1	5.0115E-1	4.9400E+2
-3.5477E-1	4.9920E-1	8.1000E+1
-3.5454E-1	4.9799E-1	5.7800E+2
-3.5419E-1	4.9775E-1	6.9500E+2
-3.5395E-1	4.9532E-1	4.2200E+2
-3.5360E-1	4.9605E-1	6.5400E+2
-3.5336E-1	4.9580E-1	5.1300E+2
-3.5301E-1	4.9264E-1	6.7100E+2
-3.5277E-1	4.9313E-1	2.0400E+2
-3.5254E-1	4.9143E-1	7.7400E+2
-3.5218E-1	4.9167E-1	1.1050E+3
-3.5195E-1	4.8997E-1	-4.2200E+2
-3.5160E-1	4.8900E-1	6.6000E+2
-3.5136E-1	4.8633E-1	3.1300E+2
-3.5101E-1	4.8584E-1	3.5700E+2
-3.5077E-1	4.8560E-1	1.9300E+2
-3.5054E-1	4.8560E-1	5.2500E+2
-3.5018E-1	4.8268E-1	-3.1000E+1
-3.4983E-1	4.8317E-1	5.4700E+2
-3.4960E-1	4.7977E-1	4.5900E+2
-3.4936E-1	4.7928E-1	3.7600E+2
-3.4901E-1	4.7928E-1	-1.6700E+2
-3.4877E-1	4.7831E-1	4.6500E+2
-3.4854E-1	4.7588E-1	7.1700E+2
-3.4818E-1	4.7491E-1	6.0800E+2
-3.4783E-1	4.7345E-1	8.1100E+2
-3.4760E-1	4.7491E-1	6.4400E+2
-3.4736E-1	4.7248E-1	8.3700E+2
-3.4701E-1	4.7175E-1	3.8600E+2
-3.4677E-1	4.6957E-1	5.2300E+2
-3.4642E-1	4.6908E-1	4.7400E+2
-3.4618E-1	4.6762E-1	1.0930E+3
-3.4583E-1	4.6641E-1	5.8900E+2
-3.4560E-1	4.6398E-1	2.4900E+2
-3.4536E-1	4.6276E-1	1.8900E+2
-3.4501E-1	4.6203E-1	-1.7100E+2
-3.4477E-1	4.6106E-1	3.2300E+2
-3.4442E-1	4.5985E-1	1.0460E+3
-3.4418E-1	4.5839E-1	1.7400E+2
-3.4383E-1	4.5669E-1	8.0000E+2
-3.4360E-1	4.5669E-1	3.9600E+2
-3.4324E-1	4.5475E-1	3.7100E+2
-3.4301E-1	4.5280E-1	8.8500E+2
-3.4277E-1	4.5377E-1	3.1900E+2
-3.4242E-1	4.5110E-1	4.7700E+2
-3.4218E-1	4.5159E-1	7.0600E+2
-3.4183E-1	4.5013E-1	8.9000E+2
-3.4160E-1	4.4770E-1	3.0800E+2
-3.4124E-1	4.4673E-1	4.4100E+2
-3.4101E-1	4.4527E-1	3.7000E+2
-3.4077E-1	4.4479E-1	8.8500E+2
-3.4042E-1	4.4333E-1	8.7800E+2
-3.4018E-1	4.4017E-1	6.1200E+2
-3.3983E-1	4.3944E-1	6.7600E+2
-3.3960E-1	4.4041E-1	3.5600E+2
-3.3924E-1	4.3823E-1	8.0100E+2
-3.3901E-1	4.3653E-1	8.0000E+2
-3.3865E-1	4.3313E-1	8.1200E+2
-3.3842E-1	4.3337E-1	8.7100E+2
-3.3818E-1	4.2924E-1	1.7900E+2
-3.3783E-1	4.3070E-1	6.4900E+2
-3.3760E-1	4.2924E-1	8.9000E+2
-3.3724E-1	4.2730E-1	9.4400E+2
-3.3701E-1	4.2559E-1	6.0300E+2
-3.3665E-1	4.2438E-1	1.1460E+3
-3.3642E-1	4.2195E-1	6.3900E+2
-3.3618E-1	4.2365E-1	4.8100E+2
-3.3583E-1	4.2171E-1	1.0630E+3
-3.3548E-1	4.2098E-1	8.7700E+2
-3.3524E-1	4.1928E-1	7.6900E+2
-3.3501E-1	4.1685E-1	6.5000E+2
-3.3465E-1	4.1709E-1	6.6900E+2
-3.3442E-1	4.1466E-1	4.1000E+2
-3.3407E-1	4.1150E-1	8.9000E+2
-3.3383E-1	4.1175E-1	7.3500E+2
-3.3348E-1	4.1029E-1	5.0500E+2
-3.3324E-1	4.0810E-1	7.5000E+2
-3.3301E-1	4.0786E-1	8.3500E+2
-3.3265E-1	4.0519E-1	1.2980E+3
-3.3242E-1	4.0373E-1	1.1410E+3
-3.3207E-1	4.0033E-1	1.2670E+3
-3.3183E-1	4.0130E-1	2.8400E+2
-3.3148E-1	4.0009E-1	6.5500E+2
-3.3124E-1	3.9814E-1	-2.0000E+1
-3.3089E-1	3.9620E-1	1.1060E+3
-3.3065E-1	3.9353E-1	9.5100E+2
-3.3042E-1	3.9183E-1	7.6700E+2
-3.3007E-1	3.9353E-1	7.9300E+2
-3.2983E-1	3.9158E-1	9.3900E+2
-3.2948E-1	3.8988E-1	1.3190E+3
-3.2924E-1	3.9086E-1	9.1300E+2
-3.2889E-1	3.8624E-1	2.3800E+2
-3.2865E-1	3.8405E-1	7.1100E+2
-3.2842E-1	3.8162E-1	1.0150E+3
-3.2807E-1	3.8260E-1	5.2100E+2
-3.2783E-1	3.8235E-1	4.4600E+2
-3.2748E-1	3.8041E-1	6.5900E+2
-3.2724E-1	3.7725E-1	8.4900E+2
-3.2689E-1	3.7628E-1	4.7700E+2
-3.2665E-1	3.7506E-1	8.4300E+2
-3.2642E-1	3.7434E-1	8.0500E+2
-3.2607E-1	3.7288E-1	2.9500E+2
-3.2583E-1	3.7093E-1	8.0600E+2
-3.2548E-1	3.6899E-1	6.5300E+2
-3.2524E-1	3.6705E-1	1.1880E+3
-3.2489E-1	3.6510E-1	5.7900E+2
-3.2465E-1	3.6535E-1	1.1680E+3
-3.2430E-1	3.6559E-1	1.1650E+3
-3.2407E-1	3.6219E-1	9.5000E+2
-3.2383E-1	3.6219E-1	7.5700E+2
-3.2348E-1	3.5830E-1	6.5100E+2
-3.2312E-1	3.5636E-1	9.0000E+1
-3.2289E-1	3.5587E-1	8.6600E+2
-3.2265E-1	3.5466E-1	6.1500E+2
-3.2230E-1	3.5344E-1	2.0900E+2
-3.2206E-1	3.5296E-1	7.7600E+2
-3.2183E-1	3.4980E-1	9.3600E+2
-3.2148E-1	3.4956E-1	1.1500E+3
-3.2112E-1	3.4786E-1	7.3600E+2
-3.2089E-1	3.4640E-1	7.4900E+2
-3.2065E-1	3.4640E-1	6.1300E+2
-3.2030E-1	3.4300E-1	1.0680E+3
-3.2006E-1	3.4178E-1	7.4400E+2
-3.1971E-1	3.4130E-1	6.7100E+2
-3.1948E-1	3.3765E-1	6.5000E+2
-3.1912E-1	3.3717E-1	1.1630E+3
-3.1889E-1	3.3571E-1	8.8800E+2
-3.1865E-1	3.3425E-1	1.2150E+3
-3.1830E-1	3.3449E-1	8.5700E+2
-3.1806E-1	3.3231E-1	5.4400E+2
-3.1771E-1	3.3012E-1	1.0130E+3
-3.1748E-1	3.2891E-1	4.3100E+2
-3.1712E-1	3.2721E-1	7.8900E+2
-3.1689E-1	3.2696E-1	2.5400E+2
-3.1654E-1	3.2502E-1	6.1700E+2
-3.1630E-1	3.2405E-1	9.0200E+2
-3.1606E-1	3.2211E-1	1.3500E+3
-3.1571E-1	3.1992E-1	5.7900E+2
-3.1548E-1	3.1870E-1	7.0800E+2
-3.1512E-1	3.1749E-1	4.6500E+2
-3.1489E-1	3.1700E-1	4.9100E+2
-3.1453E-1	3.1579E-1	5.7200E+2
-3.1430E-1	3.1409E-1	5.5200E+2
-3.1406E-1	3.1336E-1	4.3200E+2
-3.1371E-1	3.0996E-1	1.2310E+3
-3.1348E-1	3.0996E-1	5.0200E+2
-3.1312E-1	3.0899E-1	9.8500E+2
-3.1289E-1	3.0656E-1	1.2900E+3
-3.1253E-1	3.0559E-1	9.8300E+2
-3.1230E-1	3.0316E-1	5.6800E+2
-3.1195E-1	3.0267E-1	5.1000E+1
-3.1171E-1	3.0048E-1	1.0440E+3
-3.1148E-1	3.0170E-1	6.6900E+2
-3.1112E-1	2.9927E-1	7.6800E+2
-3.1089E-1	2.9684E-1	1.5800E+2
-3.1053E-1	2.9563E-1	9.9900E+2
-3.1030E-1	2.9392E-1	8.8200E+2
-3.0995E-1	2.9320E-1	1.1020E+3
-3.0971E-1	2.9150E-1	6.1700E+2
-3.0948E-1	2.9004E-1	9.1300E+2
-3.0912E-1	2.8955E-1	5.6000E+2
-3.0877E-1	2.8712E-1	6.2300E+2
-3.0853E-1	2.8712E-1	4.9100E+2
-3.0830E-1	2.8567E-1	5.0700E+2
-3.0795E-1	2.8567E-1	2.9300E+2
-3.0771E-1	2.8348E-1	4.7000E+2
-3.0736E-1	2.8154E-1	5.6000E+1
-3.0712E-1	2.8081E-1	9.2600E+2
-3.0677E-1	2.7862E-1	1.1450E+3
-3.0653E-1	2.7741E-1	5.4400E+2
-3.0630E-1	2.7595E-1	6.0000E+0
-3.0595E-1	2.7498E-1	3.9400E+2
-3.0571E-1	2.7352E-1	7.4900E+2
-3.0536E-1	2.7206E-1	-1.3600E+2
-3.0512E-1	2.7206E-1	2.5000E+2
-3.0477E-1	2.6890E-1	3.0800E+2
-3.0453E-1	2.6720E-1	2.0000E+0
-3.0418E-1	2.6769E-1	6.2400E+2
-3.0395E-1	2.6647E-1	1.0000E+0
-3.0371E-1	2.6550E-1	1.0580E+3
-3.0336E-1	2.6477E-1	8.5600E+2
-3.0312E-1	2.6210E-1	3.8800E+2
-3.0277E-1	2.6016E-1	8.4500E+2
-3.0253E-1	2.5967E-1	5.8300E+2
-3.0218E-1	2.5919E-1	1.1520E+3
-3.0195E-1	2.5991E-1	-3.1200E+2
-3.0171E-1	2.5603E-1	3.3800E+2
-3.0136E-1	2.5603E-1	8.8200E+2
-3.0112E-1	2.5311E-1	8.4800E+2
-3.0077E-1	2.5360E-1	1.1930E+3
-3.0053E-1	2.5214E-1	4.8600E+2
-3.0018E-1	2.5044E-1	-2.0000E+2
-2.9995E-1	2.4971E-1	5.7400E+2
-2.9971E-1	2.4923E-1	-5.5000E+1
-2.9936E-1	2.4728E-1	6.4500E+2
-2.9912E-1	2.4704E-1	-2.4100E+2
-2.9877E-1	2.4437E-1	1.4300E+2
-2.9853E-1	2.4412E-1	5.5300E+2
-2.9818E-1	2.4315E-1	6.8600E+2
-2.9795E-1	2.4291E-1	1.9500E+2
-2.9759E-1	2.4218E-1	6.7400E+2
-2.9736E-1	2.4024E-1	-2.5000E+2
-2.9712E-1	2.3951E-1	4.7000E+2
-2.9677E-1	2.3781E-1	3.4000E+2
-2.9653E-1	2.3829E-1	6.6500E+2
-2.9618E-1	2.3708E-1	1.2000E+3
-2.9595E-1	2.3659E-1	2.9000E+2
-2.9559E-1	2.3562E-1	6.4300E+2
-2.9536E-1	2.3392E-1	3.3800E+2
-2.9512E-1	2.3343E-1	-3.4000E+1
-2.9477E-1	2.3222E-1	9.0800E+2
-2.9442E-1	2.3198E-1	9.0300E+2
-2.9418E-1	2.2930E-1	3.9000E+2
-2.9395E-1	2.3028E-1	5.0300E+2
-2.9359E-1	2.2736E-1	-3.0000E+1
-2.9336E-1	2.2858E-1	3.9800E+2
-2.9300E-1	2.2712E-1	3.2000E+2
-2.9277E-1	2.2493E-1	1.3900E+2
-2.9242E-1	2.2590E-1	4.0400E+2
-2.9218E-1	2.2323E-1	9.1300E+2
-2.9195E-1	2.2396E-1	1.4100E+2
-2.9159E-1	2.2420E-1	6.5900E+2
-2.9136E-1	2.2177E-1	4.1200E+2
-2.9100E-1	2.2299E-1	2.0600E+2
-2.9077E-1	2.2177E-1	9.2300E+2
-2.9042E-1	2.2226E-1	4.5800E+2
-2.9018E-1	2.2007E-1	8.0900E+2
-2.8983E-1	2.1983E-1	1.1100E+2
-2.8959E-1	2.1667E-1	2.4700E+2
-2.8936E-1	2.1570E-1	7.1900E+2
-2.8900E-1	2.1643E-1	6.9000E+1
-2.8877E-1	2.1449E-1	3.5600E+2
-2.8842E-1	2.1570E-1	1.2800E+2
-2.8818E-1	2.1157E-1	6.1500E+2
-2.8783E-1	2.1230E-1	3.3000E+1
-2.8759E-1	2.1254E-1	-2.1700E+2
-2.8736E-1	2.1108E-1	8.5700E+2
-2.8700E-1	2.1036E-1	2.1800E+2
-2.8665E-1	2.0866E-1	4.4900E+2
-2.8642E-1	2.0963E-1	-1.0400E+2
-2.8618E-1	2.0938E-1	2.0000E+0
-2.8583E-1	2.0744E-1	6.5800E+2
-2.8559E-1	2.0866E-1	3.0800E+2
-2.8524E-1	2.0841E-1	-4.6900E+2
-2.8500E-1	2.1036E-1	-2.8500E+2
-2.8465E-1	2.0817E-1	2.9700E+2
-2.8442E-1	2.0987E-1	-8.0000E+1
-2.8418E-1	2.1036E-1	-1.9400E+2
-2.8383E-1	2.1181E-1	3.0000E+2
-2.8359E-1	2.1206E-1	9.8200E+2
-2.8324E-1	2.1011E-1	9.7400E+2
-2.8300E-1	2.0841E-1	8.1200E+2
-2.8265E-1	2.0574E-1	6.9900E+2
-2.8241E-1	2.0501E-1	5.9700E+2
-2.8206E-1	2.0283E-1	7.2500E+2
-2.8183E-1	2.0137E-1	1.0880E+3
-2.8159E-1	2.0088E-1	7.1400E+2
-2.8124E-1	2.0040E-1	7.1600E+2
-2.8100E-1	1.9845E-1	3.0000E+2
-2.8065E-1	1.9845E-1	2.6800E+2
-2.8041E-1	1.9772E-1	3.1400E+2
-2.8006E-1	1.9627E-1	-3.6700E+2
-2.7983E-1	1.9602E-1	1.9700E+2
-2.7959E-1	1.9481E-1	1.9100E+2
-2.7924E-1	1.9578E-1	-6.3900E+2
-2.7900E-1	1.9602E-1	-9.7000E+1
-2.7865E-1	1.9554E-1	-3.2500E+2
-2.7841E-1	1.9505E-1	2.9900E+2
-2.7806E-1	1.9651E-1	-2.9900E+2
-2.7783E-1	1.9578E-1	-9.7000E+1
-2.7747E-1	1.9748E-1	-5.2600E+2
-2.7724E-1	1.9748E-1	-4.9300E+2
-2.7700E-1	1.9627E-1	-1.2600E+2
-2.7665E-1	1.9772E-1	8.5300E+2
-2.7641E-1	1.9870E-1	2.3500E+2
-2.7606E-1	1.9602E-1	7.0700E+2
-2.7583E-1	1.9651E-1	9.2600E+2
-2.7547E-1	1.9286E-1	6.1100E+2
-2.7524E-1	1.9335E-1	1.0380E+3
-2.7500E-1	1.9116E-1	4.5800E+2
-2.7465E-1	1.8995E-1	-5.1000E+1
-2.7430E-1	1.8946E-1	-2.8100E+2
-2.7406E-1	1.9044E-1	8.4000E+1
-2.7383E-1	1.8849E-1	5.3000E+1
-2.7347E-1	1.8971E-1	-6.4000E+1
-2.7324E-1	1.9044E-1	-3.9700E+2
-2.7300E-1	1.9092E-1	1.1000E+1
-2.7265E-1	1.9189E-1	-5.4300E+2
-2.7230E-1	1.9602E-1	-5.7100E+2
-2.7206E-1	1.9675E-1	-8.9900E+2
-2.7183E-1	2.0015E-1	-8.8900E+2
-2.7147E-1	2.0550E-1	-1.4090E+3
-2.7124E-1	2.1181E-1	-1.4070E+3
-2.7088E-1	2.1667E-1	-5.6900E+2
-2.7065E-1	2.1692E-1	5.1000E+2
-2.7030E-1	2.1376E-1	1.5410E+3
-2.7006E-1	2.0744E-1	1.7990E+3
-2.6983E-1	2.0574E-1	1.4250E+3
-2.6947E-1	1.9870E-1	1.0610E+3
-2.6924E-1	1.9359E-1	1.4990E+3
-2.6888E-1	1.9141E-1	1.6400E+2
-2.6865E-1	1.8898E-1	6.2300E+2
-2.6830E-1	1.8655E-1	-2.6600E+2
-2.6806E-1	1.8485E-1	2.6000E+2
-2.6771E-1	1.8679E-1	-6.0000E+1
-2.6747E-1	1.8631E-1	-3.3100E+2
-2.6724E-1	1.8606E-1	-4.5000E+2
-2.6688E-1	1.8509E-1	-2.3400E+2
-2.6665E-1	1.8606E-1	-7.6300E+2
-2.6630E-1	1.8849E-1	2.5000E+1
-2.6606E-1	1.8873E-1	-4.5700E+2
-2.6571E-1	1.9092E-1	-7.4400E+2
-2.6547E-1	1.9529E-1	-1.4990E+3
-2.6524E-1	1.9967E-1	-1.2740E+3
-2.6488E-1	2.1108E-1	-2.1490E+3
-2.6465E-1	2.1667E-1	-2.4310E+3
-2.6430E-1	2.2639E-1	-3.0820E+3
-2.6406E-1	2.3295E-1	-1.8860E+3
-2.6371E-1	2.3586E-1	2.6100E+2
-2.6347E-1	2.3271E-1	1.2490E+3
-2.6312E-1	2.2323E-1	2.3260E+3
-2.6288E-1	2.1376E-1	2.6860E+3
-2.6265E-1	2.0793E-1	2.5960E+3
-2.6230E-1	1.9772E-1	1.5860E+3
-2.6206E-1	1.9359E-1	1.2840E+3
-2.6171E-1	1.9019E-1	1.5830E+3
-2.6147E-1	1.8461E-1	1.5600E+2
-2.6112E-1	1.8096E-1	8.8900E+2
-2.6088E-1	1.7926E-1	2.6800E+2
-2.6065E-1	1.7756E-1	8.6700E+2
-2.6030E-1	1.7562E-1	1.2400E+2
-2.5994E-1	1.7464E-1	9.1000E+1
-2.5971E-1	1.7392E-1	-5.8000E+1
-2.5947E-1	1.7392E-1	1.2000E+1
-2.5912E-1	1.7173E-1	6.7000E+1
-2.5888E-1	1.7100E-1	-5.5000E+1
-2.5853E-1	1.6881E-1	4.0600E+2
-2.5830E-1	1.6954E-1	-1.8700E+2
-2.5794E-1	1.6881E-1	7.6000E+1
-2.5771E-1	1.6784E-1	5.8000E+2
-2.5747E-1	1.6784E-1	-6.9600E+2
-2.5712E-1	1.6930E-1	2.8900E+2
-2.5688E-1	1.6760E-1	-1.6300E+2
-2.5653E-1	1.6760E-1	-8.2000E+1
-2.5630E-1	1.6687E-1	-2.1000E+1
-2.5594E-1	1.6590E-1	-2.1800E+2
-2.5571E-1	1.6784E-1	-5.1000E+1
-2.5535E-1	1.6687E-1	-2.8800E+2
-2.5512E-1	1.6663E-1	-4.4400E+2
-2.5488E-1	1.6566E-1	-7.5000E+1
-2.5453E-1	1.6663E-1	8.8000E+1
-2.5430E-1	1.6590E-1	-7.8000E+1
-2.5394E-1	1.6639E-1	1.5900E+2
-2.5371E-1	1.6590E-1	-3.0000E+1
-2.5335E-1	1.6517E-1	-2.6600E+2
-2.5312E-1	1.6639E-1	1.1700E+2
-2.5288E-1	1.6711E-1	-2.2000E+1
-2.5253E-1	1.6711E-1	-7.7300E+2
-2.5230E-1	1.6663E-1	-3.2600E+2
-2.5194E-1	1.6784E-1	-6.2100E+2
-2.5171E-1	1.6930E-1	-4.2200E+2
-2.5135E-1	1.7052E-1	-5.2400E+2
-2.5112E-1	1.7003E-1	-8.8300E+2
-2.5088E-1	1.7246E-1	-1.0790E+3
-2.5053E-1	1.7440E-1	-3.2100E+2
-2.5029E-1	1.7440E-1	-4.9400E+2
-2.4994E-1	1.7197E-1	5.4800E+2
-2.4971E-1	1.6979E-1	1.0400E+3
-2.4935E-1	1.7052E-1	2.3900E+2
-2.4912E-1	1.7052E-1	4.5400E+2
-2.4877E-1	1.6906E-1	0.0000E+0
-2.4853E-1	1.6930E-1	-5.9200E+2
-2.4829E-1	1.6687E-1	2.9400E+2
-2.4794E-1	1.6857E-1	-1.4700E+2
-2.4759E-1	1.7003E-1	5.7800E+2
-2.4735E-1	1.6930E-1	-4.2700E+2
-2.4712E-1	1.6784E-1	-1.5100E+2
-2.4677E-1	1.6833E-1	-3.1400E+2
-2.4653E-1	1.7003E-1	-4.5100E+2
-2.4629E-1	1.6954E-1	-3.7000E+2
-2.4594E-1	1.7027E-1	-1.8600E+2
-2.4559E-1	1.7003E-1	3.2500E+2
-2.4535E-1	1.7003E-1	-9.6000E+1
-2.4512E-1	1.7052E-1	3.1100E+2
-2.4477E-1	1.7052E-1	-1.9800E+2
-2.4453E-1	1.7173E-1	-5.1600E+2
-2.4418E-1	1.7173E-1	-1.3100E+2
-2.4394E-1	1.7052E-1	-4.2500E+2
-2.4359E-1	1.7173E-1	-6.4600E+2
-2.4335E-1	1.7222E-1	-4.3600E+2
-2.4312E-1	1.7173E-1	5.8000E+1
-2.4276E-1	1.7197E-1	-4.7500E+2
-2.4253E-1	1.7343E-1	-3.0000E+2
-2.4218E-1	1.7367E-1	-6.2900E+2
-2.4194E-1	1.7440E-1	-4.4500E+2
-2.4159E-1	1.7562E-1	-6.3400E+2
-2.4135E-1	1.7586E-1	-1.7400E+2
-2.4100E-1	1.7513E-1	4.8000E+1
-2.4076E-1	1.7586E-1	-3.5300E+2
-2.4053E-1	1.7805E-1	-4.6000E+1
-2.4018E-1	1.7659E-1	-4.2400E+2
-2.3994E-1	1.7659E-1	-6.1500E+2
-2.3959E-1	1.7756E-1	-3.0700E+2
-2.3935E-1	1.7926E-1	-8.8000E+1
-2.3900E-1	1.8023E-1	-6.2600E+2
-2.3876E-1	1.7975E-1	-3.4500E+2
-2.3853E-1	1.8145E-1	-1.6700E+2
-2.3818E-1	1.7926E-1	1.4500E+2
-2.3794E-1	1.8048E-1	-5.6800E+2
-2.3759E-1	1.8145E-1	-2.4300E+2
-2.3735E-1	1.8145E-1	-2.5000E+2
-2.3700E-1	1.8339E-1	-2.3700E+2
-2.3676E-1	1.8290E-1	-3.3000E+2
-2.3641E-1	1.8218E-1	-6.2200E+2
-2.3618E-1	1.8412E-1	-4.7600E+2
-2.3594E-1	1.8461E-1	-6.6400E+2
-2.3559E-1	1.8436E-1	-2.8400E+2
-2.3535E-1	1.8606E-1	3.0800E+2
-2.3500E-1	1.8679E-1	1.4400E+2
-2.3476E-1	1.8631E-1	4.4000E+1
-2.3441E-1	1.8728E-1	-7.2900E+2
-2.3418E-1	1.8946E-1	-2.1800E+2
-2.3382E-1	1.8825E-1	-6.1200E+2
-2.3359E-1	1.8995E-1	-5.2600E+2
-2.3323E-1	1.9141E-1	1.0000E+1
-2.3300E-1	1.9044E-1	-2.9400E+2
-2.3276E-1	1.9238E-1	-6.0300E+2
-2.3241E-1	1.9262E-1	-2.4400E+2
-2.3218E-1	1.9384E-1	-2.9000E+1
-2.3182E-1	1.9457E-1	1.0300E+2
-2.3159E-1	1.9457E-1	-6.2900E+2
-2.3123E-1	1.9699E-1	-4.6500E+2
-2.3100E-1	1.9651E-1	-3.7900E+2
-2.3076E-1	1.9627E-1	-4.2500E+2
-2.3041E-1	1.9748E-1	-9.1000E+2
-2.3018E-1	1.9797E-1	-4.9300E+2
-2.2982E-1	2.0015E-1	-1.2100E+3
-2.2959E-1	2.0112E-1	-6.8300E+2
-2.2923E-1	1.9918E-1	-2.2000E+2
-2.2900E-1	1.9967E-1	-8.5900E+2
-2.2865E-1	2.0112E-1	9.8000E+1
-2.2841E-1	2.0307E-1	-5.6400E+2
-2.2818E-1	2.0404E-1	-7.0100E+2
-2.2782E-1	2.0380E-1	-5.5500E+2
-2.2759E-1	2.0598E-1	-2.0000E+0
-2.2723E-1	2.0793E-1	1.0000E+0
-2.2700E-1	2.0793E-1	-5.4700E+2
-2.2665E-1	2.0720E-1	-7.3200E+2
-2.2641E-1	2.0987E-1	-1.7200E+2
-2.2618E-1	2.1108E-1	-1.2440E+3
-2.2582E-1	2.1133E-1	-4.3100E+2
-2.2547E-1	2.1303E-1	-1.0390E+3
-2.2523E-1	2.1327E-1	-2.7600E+2
-2.2500E-1	2.1594E-1	-7.2400E+2
-2.2465E-1	2.1570E-1	-4.4300E+2
-2.2441E-1	2.1643E-1	-7.9000E+2
-2.2418E-1	2.1546E-1	-2.7000E+2
-2.2382E-1	2.1813E-1	-7.5800E+2
-2.2347E-1	2.1862E-1	-2.3800E+2
-2.2323E-1	2.2032E-1	-4.0900E+2
-2.2300E-1	2.2032E-1	-5.2200E+2
-2.2265E-1	2.2177E-1	-5.9600E+2
-2.2241E-1	2.2347E-1	-5.0200E+2
-2.2206E-1	2.2299E-1	-3.6700E+2
-2.2182E-1	2.2566E-1	-1.8330E+3
-2.2147E-1	2.2517E-1	-1.0900E+3
-2.2123E-1	2.2785E-1	-7.2200E+2
-2.2100E-1	2.2688E-1	-1.0410E+3
-2.2065E-1	2.2809E-1	-3.7000E+2
-2.2041E-1	2.3028E-1	-4.2500E+2
-2.2006E-1	2.3149E-1	-8.6800E+2
-2.1982E-1	2.3319E-1	-3.6800E+2
-2.1947E-1	2.3319E-1	-6.1100E+2
-2.1923E-1	2.3489E-1	-4.3100E+2
-2.1888E-1	2.3538E-1	-1.0540E+3
-2.1865E-1	2.3659E-1	-5.2100E+2
-2.1841E-1	2.3514E-1	-6.5000E+2
-2.1806E-1	2.3878E-1	-4.3300E+2
-2.1782E-1	2.3975E-1	-5.9100E+2
-2.1747E-1	2.4048E-1	-4.7100E+2
-2.1723E-1	2.4242E-1	-4.4500E+2
-2.1688E-1	2.4364E-1	-2.4100E+2
-2.1665E-1	2.4485E-1	-7.5800E+2
-2.1641E-1	2.4631E-1	-6.9600E+2
-2.1606E-1	2.4704E-1	-3.2800E+2
-2.1582E-1	2.4728E-1	-1.1450E+3
-2.1547E-1	2.5068E-1	-9.8000E+2
-2.1523E-1	2.5190E-1	-7.3200E+2
-2.1488E-1	2.5190E-1	-8.3700E+2
-2.1465E-1	2.5287E-1	-6.9700E+2
-2.1429E-1	2.5506E-1	-9.5400E+2
-2.1406E-1	2.5724E-1	-8.2800E+2
-2.1382E-1	2.5700E-1	-6.3700E+2
-2.1347E-1	2.5943E-1	-3.2300E+2
-2.1323E-1	2.5991E-1	-2.9900E+2
-2.1288E-1	2.6186E-1	-1.0920E+3
-2.1265E-1	2.6332E-1	-8.5300E+2
-2.1229E-1	2.6599E-1	-7.8200E+2
-2.1206E-1	2.6550E-1	-5.6000E+2
-2.1182E-1	2.6817E-1	-1.5100E+2
-2.1147E-1	2.7012E-1	-1.0030E+3
-2.1112E-1	2.6890E-1	-3.4200E+2
-2.1088E-1	2.7085E-1	-7.3300E+2
-2.1064E-1	2.7255E-1	-7.1000E+2
-2.1029E-1	2.7449E-1	-9.9600E+2
-2.1006E-1	2.7595E-1	-8.2600E+2
-2.0970E-1	2.7813E-1	-5.6500E+2
-2.0947E-1	2.7765E-1	-9.2900E+2
-2.0912E-1	2.8081E-1	-8.1300E+2
-2.0888E-1	2.8226E-1	-1.1360E+3
-2.0864E-1	2.8299E-1	-5.4100E+2
-2.0829E-1	2.8445E-1	-8.5900E+2
-2.0806E-1	2.8639E-1	-1.3200E+2
-2.0770E-1	2.8591E-1	-1.9300E+2
-2.0747E-1	2.8834E-1	-7.7100E+2
-2.0712E-1	2.8882E-1	-1.4080E+3
-2.0688E-1	2.9028E-1	-1.3730E+3
-2.0653E-1	2.9150E-1	-6.5800E+2
-2.0629E-1	2.9198E-1	-5.0100E+2
-2.0606E-1	2.9392E-1	-7.1800E+2
-2.0570E-1	2.9587E-1	-1.2650E+3
-2.0547E-1	2.9538E-1	-1.4970E+3
-2.0512E-1	2.9830E-1	-1.1640E+3
-2.0488E-1	2.9854E-1	-5.1200E+2
-2.0453E-1	3.0194E-1	-9.7000E+2
-2.0429E-1	3.0510E-1	-4.6300E+2
-2.0406E-1	3.0559E-1	-7.1700E+2
-2.0370E-1	3.0583E-1	-6.8500E+2
-2.0347E-1	3.0753E-1	-1.0650E+3
-2.0311E-1	3.0923E-1	-1.0550E+3
-2.0288E-1	3.1044E-1	-5.5000E+2
-2.0253E-1	3.1166E-1	-9.7300E+2
-2.0229E-1	3.1482E-1	-8.1200E+2
-2.0194E-1	3.1457E-1	-8.7400E+2
-2.0170E-1	3.1555E-1	-5.9000E+2
-2.0147E-1	3.1749E-1	-9.5300E+2
-2.0111E-1	3.2113E-1	-9.3100E+2
-2.0088E-1	3.2040E-1	-1.2550E+3
-2.0053E-1	3.2259E-1	-1.0020E+3
-2.0029E-1	3.2162E-1	-4.6300E+2
-1.9994E-1	3.2672E-1	-1.0550E+3
-1.9970E-1	3.2866E-1	-9.9200E+2
-1.9947E-1	3.2915E-1	-8.0400E+2
-1.9911E-1	3.2988E-1	7.1000E+1
-1.9876E-1	3.3085E-1	-7.4000E+2
-1.9853E-1	3.3377E-1	-6.1300E+2
-1.9829E-1	3.3377E-1	-1.2510E+3
-1.9794E-1	3.3449E-1	-8.8000E+2
-1.9770E-1	3.3838E-1	-6.4900E+2
-1.9747E-1	3.3911E-1	-7.0100E+2
-1.9711E-1	3.4251E-1	-6.7600E+2
-1.9676E-1	3.4154E-1	-8.7600E+2
-1.9653E-1	3.4324E-1	-7.0800E+2
-1.9629E-1	3.4421E-1	-1.1810E+3
-1.9594E-1	3.4494E-1	-5.6600E+2
-1.9570E-1	3.4786E-1	-1.4450E+3
-1.9535E-1	3.4956E-1	-1.2490E+3
-1.9511E-1	3.5101E-1	-9.1400E+2
-1.9476E-1	3.5101E-1	-7.7600E+2
-1.9453E-1	3.5271E-1	-1.1080E+3
-1.9429E-1	3.5636E-1	-1.0960E+3
-1.9394E-1	3.5806E-1	-1.1600E+3
-1.9370E-1	3.5782E-1	-1.4780E+3
-1.9335E-1	3.6122E-1	-1.2470E+3
-1.9311E-1	3.6267E-1	-6.8100E+2
-1.9276E-1	3.6292E-1	-8.6900E+2
-1.9253E-1	3.6510E-1	-8.6400E+2
-1.9217E-1	3.6778E-1	-4.2900E+2
-1.9194E-1	3.6778E-1	-9.0100E+2
-1.9170E-1	3.6948E-1	-1.1200E+3
-1.9135E-1	3.7191E-1	-7.0800E+2
-1.9111E-1	3.7312E-1	-3.1100E+2
-1.9076E-1	3.7288E-1	-7.5000E+2
-1.9053E-1	3.7579E-1	-1.3180E+3
-1.9017E-1	3.7628E-1	-7.1700E+2
-1.8994E-1	3.7919E-1	-7.5300E+2
-1.8970E-1	3.7992E-1	-9.1900E+2
-1.8935E-1	3.8235E-1	-6.4000E+2
-1.8911E-1	3.8332E-1	-1.0880E+3
-1.8876E-1	3.8721E-1	-8.0200E+2
-1.8853E-1	3.8673E-1	-7.3000E+2
-1.8817E-1	3.8721E-1	-1.3890E+3
-1.8794E-1	3.8940E-1	-1.1270E+3
-1.8758E-1	3.9086E-1	-1.4580E+3
-1.8735E-1	3.9256E-1	-8.4900E+2
-1.8711E-1	3.9353E-1	-7.7400E+2
-1.8676E-1	3.9644E-1	-6.7100E+2
-1.8653E-1	3.9644E-1	-1.1600E+3
-1.8617E-1	3.9911E-1	-9.5100E+2
-1.8594E-1	4.0130E-1	-9.8100E+2
-1.8558E-1	4.0227E-1	-4.9700E+2
-1.8535E-1	4.0300E-1	-7.9000E+2
-1.8511E-1	4.0373E-1	-9.4200E+2
-1.8476E-1	4.0616E-1	-1.2070E+3
-1.8441E-1	4.0859E-1	-9.9600E+2
-1.8417E-1	4.0956E-1	-9.9400E+2
-1.8394E-1	4.1150E-1	-8.1500E+2
-1.8358E-1	4.1248E-1	-1.4760E+3
-1.8335E-1	4.1369E-1	-9.3900E+2
-1.8300E-1	4.1418E-1	-8.1400E+2
-1.8276E-1	4.1685E-1	-6.8900E+2
-1.8241E-1	4.1928E-1	-9.0100E+2
-1.8217E-1	4.1928E-1	-4.9800E+2
-1.8194E-1	4.2268E-1	-6.4900E+2
-1.8158E-1	4.2219E-1	-1.1630E+3
-1.8135E-1	4.2365E-1	-6.2300E+2
-1.8100E-1	4.2559E-1	-7.9700E+2
-1.8076E-1	4.2827E-1	-1.1270E+3
-1.8041E-1	4.2875E-1	-1.0190E+3
-1.8017E-1	4.3240E-1	-7.5300E+2
-1.7982E-1	4.3191E-1	-9.8700E+2
-1.7958E-1	4.3385E-1	-8.6500E+2
-1.7935E-1	4.3385E-1	-1.0200E+3
-1.7900E-1	4.3653E-1	-8.4800E+2
-1.7876E-1	4.3798E-1	-1.3840E+3
-1.7841E-1	4.3896E-1	-1.3120E+3
-1.7817E-1	4.3944E-1	-9.7700E+2
-1.7782E-1	4.4260E-1	-1.1590E+3
-1.7758E-1	4.4430E-1	-1.1070E+3
-1.7735E-1	4.4430E-1	-7.0000E+0
-1.7700E-1	4.4770E-1	-7.7900E+2
-1.7676E-1	4.4819E-1	-7.0100E+2
-1.7641E-1	4.4819E-1	-6.7800E+2
-1.7617E-1	4.4964E-1	-9.3000E+2
-1.7582E-1	4.5183E-1	-8.3200E+2
-1.7558E-1	4.5110E-1	-5.7600E+2
-1.7523E-1	4.5305E-1	-8.2100E+2
-1.7500E-1	4.5377E-1	-8.8200E+2
-1.7476E-1	4.5669E-1	-1.0780E+3
-1.7441E-1	4.5718E-1	-1.3980E+3
-1.7417E-1	4.5888E-1	-5.1400E+2
-1.7382E-1	4.6131E-1	-1.1240E+3
-1.7358E-1	4.6301E-1	-1.1240E+3
-1.7323E-1	4.6325E-1	-1.0840E+3
-1.7299E-1	4.6422E-1	-1.4740E+3
-1.7276E-1	4.6592E-1	-1.1290E+3
-1.7241E-1	4.6908E-1	-5.1400E+2
-1.7205E-1	4.6811E-1	-9.2400E+2
-1.7182E-1	4.7029E-1	-7.0500E+2
-1.7158E-1	4.7127E-1	-4.6400E+2
-1.7123E-1	4.7321E-1	-9.7200E+2
-1.7099E-1	4.7370E-1	-1.3510E+3
-1.7076E-1	4.7491E-1	-6.4000E+2
-1.7041E-1	4.7783E-1	-1.2360E+3
-1.7005E-1	4.7807E-1	-1.2800E+3
-1.6982E-1	4.8001E-1	-5.0600E+2
-1.6958E-1	4.7953E-1	-6.1900E+2
-1.6923E-1	4.8171E-1	-8.0900E+2
-1.6899E-1	4.8341E-1	-5.1400E+2
-1.6864E-1	4.8487E-1	-6.1900E+2
-1.6841E-1	4.8487E-1	-1.1320E+3
-1.6805E-1	4.8536E-1	-8.7900E+2
-1.6782E-1	4.8803E-1	-1.0560E+3
-1.6758E-1	4.9046E-1	-3.0900E+2
-1.6723E-1	4.9070E-1	-1.1150E+3
-1.6699E-1	4.9264E-1	-1.0100E+3
-1.6664E-1	4.9313E-1	-3.1700E+2
-1.6641E-1	4.9337E-1	-4.2500E+2
-1.6605E-1	4.9410E-1	-8.3100E+2
-1.6582E-1	4.9483E-1	-2.9100E+2
-1.6547E-1	4.9605E-1	-6.8800E+2
-1.6523E-1	4.9847E-1	-7.9700E+2
-1.6499E-1	5.0017E-1	-1.0610E+3
-1.6464E-1	5.0017E-1	-9.3900E+2
-1.6441E-1	5.0212E-1	-5.5100E+2
-1.6405E-1	5.0382E-1	-8.0400E+2
-1.6382E-1	5.0382E-1	-3.3100E+2
-1.6346E-1	5.0576E-1	-1.1210E+3
-1.6323E-1	5.0625E-1	-8.7000E+2
-1.6299E-1	5.0819E-1	-2.0200E+2
-1.6264E-1	5.0965E-1	-9.8500E+2
-1.6241E-1	5.0868E-1	-8.9700E+2
-1.6205E-1	5.1014E-1	-1.0380E+3
-1.6182E-1	5.1062E-1	-1.1600E+2
-1.6146E-1	5.1256E-1	-4.1700E+2
-1.6123E-1	5.1305E-1	-7.2400E+2
-1.6088E-1	5.1475E-1	-7.1200E+2
-1.6064E-1	5.1597E-1	-7.1400E+2
-1.6041E-1	5.1572E-1	-8.7800E+2
-1.6005E-1	5.1694E-1	-1.2670E+3
-1.5982E-1	5.1888E-1	-5.3300E+2
-1.5946E-1	5.1937E-1	-1.0650E+3
-1.5923E-1	5.2107E-1	-7.4800E+2
-1.5888E-1	5.2131E-1	-6.1200E+2
-1.5864E-1	5.2350E-1	-6.5300E+2
-1.5841E-1	5.2228E-1	-9.4100E+2
-1.5805E-1	5.2593E-1	-7.5100E+2
-1.5770E-1	5.2641E-1	-7.2100E+2
-1.5746E-1	5.2787E-1	-9.5200E+2
-1.5723E-1	5.2836E-1	-2.7500E+2
-1.5688E-1	5.2981E-1	-1.2760E+3
-1.5664E-1	5.3103E-1	-8.3100E+2
-1.5629E-1	5.3006E-1	-6.7900E+2
-1.5605E-1	5.3200E-1	-3.9600E+2
-1.5570E-1	5.3346E-1	-3.2600E+2
-1.5546E-1	5.3491E-1	1.8000E+1
-1.5523E-1	5.3491E-1	-7.2000E+2
-1.5488E-1	5.3370E-1	-6.6000E+2
-1.5464E-1	5.3613E-1	-3.3900E+2
-1.5429E-1	5.3783E-1	-9.6100E+2
-1.5405E-1	5.3904E-1	-3.0600E+2
-1.5370E-1	5.3953E-1	2.6000E+1
-1.5346E-1	5.3929E-1	-8.8400E+2
-1.5311E-1	5.4147E-1	-5.3000E+2
-1.5288E-1	5.4172E-1	-4.3000E+2
-1.5264E-1	5.4196E-1	-3.7800E+2
-1.5229E-1	5.4245E-1	-5.2600E+2
-1.5205E-1	5.4463E-1	-1.1780E+3
-1.5170E-1	5.4609E-1	-4.1400E+2
-1.5146E-1	5.4560E-1	-8.4000E+2
-1.5111E-1	5.4730E-1	-1.1330E+3
-1.5088E-1	5.4925E-1	-5.2700E+2
-1.5064E-1	5.4730E-1	-1.2430E+3
-1.5029E-1	5.4876E-1	-8.3000E+2
-1.5005E-1	5.4925E-1	-4.7400E+2
-1.4970E-1	5.5022E-1	-5.7000E+2
-1.4946E-1	5.5022E-1	-7.9000E+2
-1.4911E-1	5.5119E-1	-4.5100E+2
-1.4888E-1	5.5241E-1	-2.9000E+1
-1.4864E-1	5.5459E-1	-6.8100E+2
-1.4829E-1	5.5411E-1	-8.5600E+2
-1.4793E-1	5.5581E-1	-7.3000E+2
-1.4770E-1	5.5532E-1	-1.1300E+2
-1.4746E-1	5.5702E-1	-6.7800E+2
-1.4711E-1	5.5848E-1	-7.3100E+2
-1.4688E-1	5.5654E-1	-6.6200E+2
-1.4652E-1	5.5726E-1	1.3700E+2
-1.4629E-1	5.5896E-1	-1.1420E+3
-1.4593E-1	5.5896E-1	-7.7700E+2
-1.4570E-1	5.5921E-1	-4.4800E+2
-1.4546E-1	5.6212E-1	-9.6400E+2
-1.4511E-1	5.6042E-1	-8.5000E+2
-1.4488E-1	5.6309E-1	-6.8500E+2
-1.4452E-1	5.6309E-1	-5.9800E+2
-1.4429E-1	5.6358E-1	-4.6600E+2
-1.4393E-1	5.6528E-1	-5.7800E+2
-1.4370E-1	5.6407E-1	-8.8800E+2
-1.4335E-1	5.6480E-1	-4.5700E+2
-1.4311E-1	5.6480E-1	-6.2500E+2
-1.4288E-1	5.6577E-1	-5.7900E+2
-1.4252E-1	5.6552E-1	-4.7400E+2
-1.4229E-1	5.6747E-1	-9.3400E+2
-1.4193E-1	5.6844E-1	-5.4400E+2
-1.4170E-1	5.6990E-1	-6.5400E+2
-1.4135E-1	5.6844E-1	-2.8100E+2
-1.4111E-1	5.6941E-1	-5.6200E+2
-1.4087E-1	5.7014E-1	-1.1020E+3
-1.4052E-1	5.7184E-1	-3.7500E+2
-1.4029E-1	5.7330E-1	-8.2900E+2
-1.3993E-1	5.7403E-1	-2.3400E+2
-1.3970E-1	5.7208E-1	9.2000E+1
-1.3935E-1	5.7427E-1	-5.5200E+2
-1.3911E-1	5.7330E-1	-4.8700E+2
-1.3876E-1	5.7476E-1	-2.1100E+2
-1.3852E-1	5.7548E-1	-5.6600E+2
-1.3829E-1	5.7573E-1	-1.0200E+2
-1.3793E-1	5.7403E-1	-1.6900E+2
-1.3770E-1	5.7694E-1	-7.9200E+2
-1.3735E-1	5.7694E-1	-4.3100E+2
-1.3711E-1	5.7816E-1	-5.9000E+2
-1.3676E-1	5.7791E-1	-4.5300E+2
-1.3652E-1	5.7937E-1	-7.5500E+2
-1.3629E-1	5.7791E-1	-4.3000E+1
-1.3593E-1	5.7840E-1	-3.3800E+2
-1.3558E-1	5.7937E-1	-6.4500E+2
-1.3535E-1	5.7937E-1	-5.8500E+2
-1.3511E-1	5.8156E-1	-3.8500E+2
-1.3476E-1	5.8131E-1	-3.0400E+2
-1.3452E-1	5.8034E-1	-5.8200E+2
-1.3417E-1	5.8131E-1	-7.1300E+2
-1.3393E-1	5.8156E-1	-1.1400E+2
-1.3358E-1	5.8399E-1	-5.6300E+2
-1.3334E-1	5.8131E-1	-5.3300E+2
-1.3311E-1	5.8277E-1	2.6300E+2
-1.3276E-1	5.8277E-1	-5.7900E+2
-1.3252E-1	5.8423E-1	-1.9700E+2
-1.3217E-1	5.8447E-1	-6.7900E+2
-1.3193E-1	5.8496E-1	-3.6800E+2
-1.3158E-1	5.8496E-1	-5.2400E+2
-1.3134E-1	5.8617E-1	-3.0300E+2
-1.3099E-1	5.8714E-1	6.7000E+1
-1.3076E-1	5.8569E-1	-6.8700E+2
-1.3052E-1	5.8496E-1	-7.1200E+2
-1.3017E-1	5.8544E-1	-1.5000E+1
-1.2993E-1	5.8690E-1	-3.2300E+2
-1.2958E-1	5.8763E-1	-1.4000E+1
-1.2934E-1	5.8763E-1	-8.9100E+2
-1.2899E-1	5.8787E-1	-8.0400E+2
-1.2876E-1	5.8957E-1	-6.5400E+2
-1.2852E-1	5.8714E-1	-7.4700E+2
-1.2817E-1	5.8836E-1	-3.2400E+2
-1.2793E-1	5.8885E-1	3.8800E+2
-1.2758E-1	5.8982E-1	-7.3600E+2
-1.2734E-1	5.9152E-1	-5.8000E+1
-1.2699E-1	5.9103E-1	-6.0400E+2
-1.2676E-1	5.9152E-1	-8.9400E+2
-1.2640E-1	5.9079E-1	-4.0100E+2
-1.2617E-1	5.9200E-1	-1.4000E+1
-1.2593E-1	5.9200E-1	-8.9600E+2
-1.2558E-1	5.9370E-1	-4.8100E+2
-1.2534E-1	5.9225E-1	-5.9000E+2
-1.2499E-1	5.9225E-1	-6.8400E+2
-1.2476E-1	5.9370E-1	-3.9700E+2
-1.2440E-1	5.9395E-1	-2.6600E+2
-1.2417E-1	5.9395E-1	-1.1410E+3
-1.2393E-1	5.9370E-1	-2.1000E+2
-1.2358E-1	5.9419E-1	-5.4700E+2
-1.2323E-1	5.9370E-1	-5.5700E+2
-1.2299E-1	5.9370E-1	-1.3830E+3
-1.2276E-1	5.9589E-1	-9.5700E+2
-1.2240E-1	5.9589E-1	-1.6000E+2
-1.2217E-1	5.9419E-1	-7.4000E+2
-1.2193E-1	5.9516E-1	1.9500E+2
-1.2158E-1	5.9589E-1	-3.8300E+2
-1.2123E-1	5.9589E-1	-2.4500E+2
-1.2099E-1	5.9492E-1	-1.5400E+2
-1.2076E-1	5.9516E-1	-7.2400E+2
-1.2040E-1	5.9686E-1	-7.3400E+2
-1.2017E-1	5.9468E-1	-6.7800E+2
-1.1981E-1	5.9783E-1	-2.0600E+2
-1.1958E-1	5.9735E-1	-1.1500E+2
-1.1923E-1	5.9783E-1	-3.8400E+2
-1.1899E-1	5.9759E-1	-1.0000E+3
-1.1876E-1	5.9832E-1	-8.4000E+1
-1.1840E-1	5.9905E-1	-1.0320E+3
-1.1817E-1	5.9856E-1	-1.4200E+2
-1.1781E-1	5.9929E-1	5.9900E+2
-1.1758E-1	5.9832E-1	-4.8100E+2
-1.1723E-1	5.9856E-1	-4.2400E+2
-1.1699E-1	5.9978E-1	1.1000E+2
-1.1664E-1	6.0075E-1	-2.7500E+2
-1.1640E-1	6.0051E-1	-5.1800E+2
-1.1617E-1	5.9783E-1	3.5100E+2
-1.1581E-1	6.0148E-1	-3.1500E+2
-1.1558E-1	5.9953E-1	-2.3700E+2
-1.1523E-1	5.9929E-1	9.9000E+1
-1.1499E-1	5.9953E-1	-5.6000E+1
-1.1464E-1	6.0026E-1	3.5000E+2
-1.1440E-1	6.0002E-1	-2.2400E+2
-1.1417E-1	6.0099E-1	-6.7500E+2
-1.1381E-1	6.0002E-1	-5.6900E+2
-1.1358E-1	6.0026E-1	-8.8000E+1
-1.1323E-1	6.0124E-1	8.0000E+1
-1.1299E-1	6.0026E-1	-7.9500E+2
-1.1264E-1	6.0148E-1	-7.0100E+2
-1.1240E-1	6.0221E-1	-3.9700E+2
-1.1205E-1	6.0196E-1	-3.4900E+2
-1.1181E-1	6.0124E-1	9.1000E+1
-1.1158E-1	6.0099E-1	-4.7300E+2
