Aux out [V]	Aux in [V]	PDH out [a.u.]
-1.6513E-2	5.9881E-1	-5.9100E+2
-1.6160E-2	5.9832E-1	-9.7300E+2
-1.5807E-2	5.9856E-1	-2.4700E+2
-1.5571E-2	5.9929E-1	-2.6000E+2
-1.5218E-2	5.9808E-1	-8.1600E+2
-1.4866E-2	5.9711E-1	2.8100E+2
-1.4513E-2	5.9856E-1	-2.3800E+2
-1.4160E-2	5.9856E-1	-4.7600E+2
-1.3924E-2	5.9881E-1	-9.0000E+1
-1.3571E-2	5.9783E-1	-6.6500E+2
-1.3218E-2	5.9808E-1	1.3100E+2
-1.2865E-2	5.9881E-1	-3.7000E+2
-1.2512E-2	5.9856E-1	-3.3600E+2
-1.2277E-2	5.9808E-1	-6.5500E+2
-1.1924E-2	5.9905E-1	-2.9900E+2
-1.1571E-2	5.9856E-1	3.6000E+1
-1.1218E-2	5.9711E-1	1.4400E+2
-1.0983E-2	5.9832E-1	-3.2000E+2
-1.0630E-2	5.9735E-1	-1.8100E+2
-1.0277E-2	5.9808E-1	-3.1100E+2
-9.9240E-3	5.9808E-1	-3.4800E+2
-9.5710E-3	5.9856E-1	-3.4800E+2
-9.3357E-3	5.9856E-1	-4.1400E+2
-8.9827E-3	5.9856E-1	1.4800E+2
-8.6298E-3	5.9662E-1	2.9000E+2
-8.2768E-3	5.9832E-1	-2.5000E+2
-8.0415E-3	5.9783E-1	1.6000E+2
-7.6885E-3	5.9808E-1	-7.3500E+2
-7.3355E-3	5.9759E-1	-1.9200E+2
-6.9826E-3	5.9808E-1	-4.3600E+2
-6.6296E-3	5.9808E-1	2.4900E+2
-6.3943E-3	5.9735E-1	-5.9800E+2
-6.0413E-3	5.9856E-1	-4.8400E+2
-5.6884E-3	5.9832E-1	-1.9700E+2
-5.3354E-3	5.9808E-1	-4.3900E+2
-5.1001E-3	5.9759E-1	0.0000E+0
-4.7471E-3	5.9832E-1	1.8300E+2
-4.3941E-3	5.9881E-1	2.4000E+2
-4.0412E-3	5.9783E-1	-4.2800E+2
-3.6882E-3	5.9735E-1	-2.0600E+2
-3.4529E-3	5.9832E-1	-2.9900E+2
-3.0999E-3	5.9735E-1	-1.4100E+2
-2.7470E-3	5.9735E-1	3.8000E+1
-2.3940E-3	5.9881E-1	-5.0700E+2
-2.0410E-3	5.9808E-1	2.3200E+2
-1.8057E-3	5.9759E-1	-6.2000E+1
-1.4527E-3	5.9638E-1	-6.8200E+2
-1.0998E-3	5.9808E-1	-3.3000E+2
-8.6446E-4	5.9881E-1	-1.7700E+2
-3.9384E-4	5.9905E-1	-5.2000E+2
-1.5853E-4	5.9589E-1	-1.3800E+2
1.9444E-4	5.9686E-1	4.3000E+1
5.4741E-4	5.9638E-1	1.7700E+2
7.8272E-4	5.9711E-1	6.4000E+1
1.1357E-3	5.9589E-1	1.7900E+2
1.4887E-3	5.9905E-1	-5.1500E+2
1.8416E-3	5.9856E-1	-5.0900E+2
2.1946E-3	5.9759E-1	7.0000E+1
2.4299E-3	5.9638E-1	-3.3700E+2
2.7829E-3	5.9856E-1	1.8600E+2
3.1358E-3	5.9856E-1	-2.9000E+1
3.4888E-3	5.9808E-1	-5.4000E+2
3.8418E-3	5.9711E-1	-9.5400E+2
4.0771E-3	5.9492E-1	-8.0500E+2
4.4301E-3	5.9565E-1	-3.1600E+2
4.7830E-3	5.9589E-1	-1.1470E+3
5.1360E-3	5.9808E-1	-2.8600E+2
5.3713E-3	5.9565E-1	-4.9000E+1
5.7243E-3	5.9613E-1	-4.8900E+2
6.0772E-3	5.9662E-1	-8.6400E+2
6.4302E-3	5.9589E-1	-3.6700E+2
6.7832E-3	5.9783E-1	2.6600E+2
7.0185E-3	5.9686E-1	-6.2800E+2
7.3714E-3	5.9613E-1	-4.7500E+2
7.7244E-3	5.9832E-1	-3.6600E+2
8.0774E-3	5.9662E-1	3.2300E+2
8.4303E-3	5.9662E-1	-4.8500E+2
8.6657E-3	5.9686E-1	-6.2000E+1
9.0186E-3	5.9832E-1	-3.2100E+2
9.3716E-3	5.9711E-1	-8.8000E+1
9.7246E-3	5.9589E-1	1.1200E+2
9.9599E-3	5.9540E-1	7.2000E+1
1.0313E-2	5.9638E-1	-7.9000E+1
1.0666E-2	5.9662E-1	-2.2800E+2
1.1019E-2	5.9711E-1	-6.1200E+2
1.1254E-2	5.9783E-1	-3.8300E+2
1.1607E-2	5.9759E-1	-6.8600E+2
1.1960E-2	5.9613E-1	-1.0200E+2
1.2313E-2	5.9711E-1	-3.0700E+2
1.2666E-2	5.9711E-1	-4.7700E+2
1.2901E-2	5.9589E-1	-2.9800E+2
1.3254E-2	5.9686E-1	-1.5200E+2
1.3607E-2	5.9516E-1	-6.9800E+2
1.3960E-2	5.9565E-1	-2.3500E+2
1.4313E-2	5.9516E-1	-4.7300E+2
1.4548E-2	5.9613E-1	1.0000E+1
1.4901E-2	5.9565E-1	1.0100E+2
1.5254E-2	5.9638E-1	-3.5000E+1
1.5607E-2	5.9492E-1	-6.0100E+2
1.5960E-2	5.9638E-1	1.4800E+2
1.6196E-2	5.9759E-1	-9.4000E+1
1.6549E-2	5.9735E-1	-6.6300E+2
1.6902E-2	5.9492E-1	-4.5100E+2
1.7137E-2	5.9468E-1	3.2800E+2
1.7490E-2	5.9589E-1	-1.0200E+2
1.7843E-2	5.9565E-1	1.8000E+1
1.8196E-2	5.9613E-1	-2.5000E+2
1.8549E-2	5.9516E-1	-1.5100E+2
1.8784E-2	5.9443E-1	-4.4400E+2
1.9137E-2	5.9589E-1	-6.8500E+2
1.9490E-2	5.9395E-1	2.2900E+2
1.9843E-2	5.9468E-1	-4.8500E+2
2.0196E-2	5.9516E-1	6.0000E+1
2.0431E-2	5.9492E-1	2.4200E+2
2.0784E-2	5.9565E-1	-5.9300E+2
2.1137E-2	5.9419E-1	1.3200E+2
2.1490E-2	5.9370E-1	-1.1200E+2
2.1725E-2	5.9468E-1	-5.4000E+1
2.2078E-2	5.9370E-1	-2.1600E+2
2.2431E-2	5.9540E-1	-3.6600E+2
2.2784E-2	5.9322E-1	-6.3200E+2
2.3137E-2	5.9298E-1	-3.7000E+1
2.3373E-2	5.9370E-1	-8.8000E+1
2.3726E-2	5.9468E-1	-2.0400E+2
2.4079E-2	5.9419E-1	-4.6700E+2
2.4432E-2	5.9589E-1	2.8000E+1
2.4785E-2	5.9346E-1	-1.1300E+2
2.5020E-2	5.9346E-1	-4.3200E+2
2.5373E-2	5.9273E-1	-3.5800E+2
2.5726E-2	5.9395E-1	-1.7100E+2
2.6079E-2	5.9346E-1	-3.5800E+2
2.6432E-2	5.9322E-1	-4.6900E+2
2.6667E-2	5.9225E-1	4.8000E+1
2.7020E-2	5.9200E-1	-3.2200E+2
2.7373E-2	5.9249E-1	-5.6000E+2
2.7608E-2	5.9346E-1	1.3000E+1
2.8079E-2	5.9298E-1	-6.1000E+2
2.8314E-2	5.9249E-1	1.7000E+1
2.8667E-2	5.9395E-1	-4.2100E+2
2.9020E-2	5.9298E-1	-2.1000E+2
2.9255E-2	5.9249E-1	2.6500E+2
2.9608E-2	5.9322E-1	-8.2000E+2
2.9961E-2	5.9200E-1	-4.9000E+1
3.0314E-2	5.9152E-1	-2.7200E+2
3.0667E-2	5.9176E-1	-6.8800E+2
3.0903E-2	5.9249E-1	-4.1100E+2
3.1256E-2	5.9200E-1	-6.9500E+2
3.1609E-2	5.9273E-1	-4.1400E+2
3.1962E-2	5.9176E-1	-4.7000E+1
3.2314E-2	5.9298E-1	-4.0900E+2
3.2550E-2	5.9103E-1	-2.3700E+2
3.2903E-2	5.9249E-1	-3.0900E+2
3.3256E-2	5.9006E-1	-3.6000E+2
3.3609E-2	5.9127E-1	-5.6000E+1
3.3844E-2	5.9152E-1	2.6300E+2
3.4197E-2	5.9055E-1	-4.0000E+1
3.4550E-2	5.9103E-1	-5.6200E+2
3.4903E-2	5.9006E-1	-1.1100E+2
3.5256E-2	5.9200E-1	-4.3700E+2
3.5491E-2	5.9079E-1	1.3600E+2
3.5844E-2	5.9079E-1	1.2900E+2
3.6197E-2	5.9103E-1	-2.3900E+2
3.6550E-2	5.9152E-1	-1.5000E+1
3.6785E-2	5.9127E-1	-2.8200E+2
3.7138E-2	5.9103E-1	-1.5700E+2
3.7491E-2	5.8957E-1	-3.9400E+2
3.7844E-2	5.9006E-1	-1.1460E+3
3.8080E-2	5.8909E-1	-3.1400E+2
3.8433E-2	5.9030E-1	3.7200E+2
3.8786E-2	5.9006E-1	-7.1200E+2
3.9139E-2	5.8860E-1	-3.5200E+2
3.9491E-2	5.8909E-1	-5.8200E+2
3.9727E-2	5.8860E-1	-4.8600E+2
4.0080E-2	5.8836E-1	1.5900E+2
4.0433E-2	5.8812E-1	-4.4000E+2
4.0786E-2	5.8836E-1	-8.8600E+2
4.1139E-2	5.8909E-1	1.2500E+2
4.1374E-2	5.8836E-1	-2.1400E+2
4.1727E-2	5.8933E-1	-3.2300E+2
4.2080E-2	5.8739E-1	-4.5500E+2
4.2433E-2	5.8763E-1	9.5000E+1
4.2786E-2	5.8836E-1	-3.5600E+2
4.3021E-2	5.8690E-1	-4.4100E+2
4.3374E-2	5.8836E-1	-5.7000E+1
4.3727E-2	5.8714E-1	-3.6200E+2
4.3962E-2	5.8690E-1	-1.9400E+2
4.4433E-2	5.8666E-1	-5.1400E+2
4.4668E-2	5.8690E-1	-4.4000E+1
4.5021E-2	5.8836E-1	-3.2000E+1
4.5374E-2	5.9030E-1	-5.7000E+1
4.5610E-2	5.8690E-1	-4.0200E+2
4.5963E-2	5.8569E-1	-1.8100E+2
4.6316E-2	5.8593E-1	2.1200E+2
4.6669E-2	5.8544E-1	5.8000E+2
4.7021E-2	5.8763E-1	6.8000E+1
4.7257E-2	5.8544E-1	-3.1800E+2
4.7610E-2	5.8739E-1	-8.3000E+1
4.7963E-2	5.8617E-1	2.7100E+2
4.8316E-2	5.8569E-1	-7.3200E+2
4.8669E-2	5.8520E-1	-4.1800E+2
4.8904E-2	5.8399E-1	-2.7800E+2
4.9257E-2	5.8496E-1	4.2800E+2
4.9610E-2	5.8447E-1	1.7200E+2
4.9963E-2	5.8423E-1	7.0000E+0
5.0198E-2	5.8399E-1	-4.1000E+1
5.0551E-2	5.8472E-1	1.8200E+2
5.0904E-2	5.8399E-1	4.9400E+2
5.1257E-2	5.8447E-1	1.0000E+1
5.1610E-2	5.8302E-1	-5.2000E+1
5.1845E-2	5.8350E-1	3.5800E+2
5.2198E-2	5.8326E-1	-1.4700E+2
5.2551E-2	5.8496E-1	-1.3200E+2
5.2904E-2	5.8374E-1	9.0000E+0
5.3257E-2	5.8350E-1	-5.3100E+2
5.3493E-2	5.8253E-1	2.4700E+2
5.3846E-2	5.8204E-1	1.5600E+2
5.4198E-2	5.8350E-1	-2.1400E+2
5.4434E-2	5.8229E-1	-2.6700E+2
5.4787E-2	5.8326E-1	-2.2200E+2
5.5140E-2	5.8180E-1	5.4000E+1
5.5493E-2	5.8204E-1	-2.1900E+2
5.5846E-2	5.8131E-1	2.4100E+2
5.6081E-2	5.8302E-1	2.9000E+1
5.6434E-2	5.8083E-1	1.0600E+2
5.6787E-2	5.8034E-1	-5.8500E+2
5.7140E-2	5.8156E-1	-3.0700E+2
5.7493E-2	5.8204E-1	-5.0000E+1
5.7728E-2	5.8034E-1	-4.2800E+2
5.8081E-2	5.8010E-1	-3.0600E+2
5.8434E-2	5.7961E-1	-3.5800E+2
5.8787E-2	5.7937E-1	-6.9400E+2
5.9140E-2	5.7961E-1	-4.8900E+2
5.9375E-2	5.7913E-1	-1.0000E+1
5.9728E-2	5.7913E-1	-3.5000E+2
6.0081E-2	5.7937E-1	-5.2400E+2
6.0434E-2	5.7840E-1	2.9000E+1
6.0670E-2	5.7767E-1	-1.5800E+2
6.1023E-2	5.7767E-1	9.8000E+1
6.1375E-2	5.7743E-1	-2.7600E+2
6.1728E-2	5.7791E-1	-3.9500E+2
6.1964E-2	5.7791E-1	1.3900E+2
6.2317E-2	5.7597E-1	-2.7400E+2
6.2670E-2	5.7718E-1	-2.0200E+2
6.3023E-2	5.7597E-1	-5.7900E+2
6.3376E-2	5.7767E-1	-2.1900E+2
6.3611E-2	5.7524E-1	-2.6500E+2
6.3964E-2	5.7524E-1	-1.3500E+2
6.4317E-2	5.7621E-1	-1.9200E+2
6.4670E-2	5.7573E-1	2.7900E+2
6.5023E-2	5.7548E-1	-1.2100E+2
6.5258E-2	5.7330E-1	-3.5000E+2
6.5611E-2	5.7500E-1	3.4000E+1
6.5964E-2	5.7500E-1	4.3600E+2
6.6317E-2	5.7403E-1	-2.2000E+2
6.6552E-2	5.7330E-1	2.7100E+2
6.6905E-2	5.7354E-1	3.2900E+2
6.7258E-2	5.7378E-1	4.0300E+2
6.7611E-2	5.7403E-1	-2.1400E+2
6.7964E-2	5.7257E-1	7.1700E+2
6.8200E-2	5.7208E-1	-2.3900E+2
6.8552E-2	5.7403E-1	-4.1100E+2
6.8905E-2	5.7111E-1	-4.0000E+0
6.9258E-2	5.7208E-1	-3.1800E+2
6.9611E-2	5.7111E-1	3.3400E+2
6.9847E-2	5.7038E-1	1.5800E+2
7.0200E-2	5.6965E-1	-1.5100E+2
7.0553E-2	5.7087E-1	-1.1650E+3
7.0788E-2	5.7038E-1	3.3900E+2
7.1141E-2	5.6917E-1	1.4000E+1
7.1494E-2	5.6844E-1	6.0100E+2
7.1847E-2	5.6893E-1	-5.6000E+1
7.2200E-2	5.6820E-1	2.9700E+2
7.2435E-2	5.6868E-1	1.1000E+2
7.2788E-2	5.6820E-1	1.4100E+2
7.3141E-2	5.6747E-1	9.7000E+1
7.3494E-2	5.6771E-1	5.5000E+1
7.3847E-2	5.6795E-1	-1.9300E+2
7.4082E-2	5.6747E-1	1.2800E+2
7.4435E-2	5.6698E-1	-2.1900E+2
7.4788E-2	5.6747E-1	1.7600E+2
7.5141E-2	5.6722E-1	1.9300E+2
7.5494E-2	5.6625E-1	-3.9100E+2
7.5730E-2	5.6455E-1	-6.8100E+2
7.6082E-2	5.6455E-1	9.6000E+1
7.6435E-2	5.6431E-1	2.3800E+2
7.6788E-2	5.6480E-1	-4.3000E+2
7.7024E-2	5.6625E-1	-3.8600E+2
7.7377E-2	5.6358E-1	-3.0000E+1
7.7730E-2	5.6504E-1	1.2300E+2
7.8083E-2	5.6285E-1	-2.2200E+2
7.8436E-2	5.6431E-1	-1.2500E+2
7.8671E-2	5.6528E-1	-1.6000E+1
7.9024E-2	5.6431E-1	-2.0900E+2
7.9377E-2	5.6164E-1	4.7000E+1
7.9730E-2	5.6067E-1	-1.0700E+2
8.0083E-2	5.6237E-1	-6.7000E+1
8.0318E-2	5.6164E-1	-4.9200E+2
8.0671E-2	5.6115E-1	-3.7500E+2
8.1024E-2	5.6042E-1	0.0000E+0
8.1259E-2	5.6067E-1	-1.5900E+2
8.1612E-2	5.5848E-1	4.5700E+2
8.1965E-2	5.5994E-1	-2.6900E+2
8.2318E-2	5.5945E-1	-5.0700E+2
8.2671E-2	5.5921E-1	2.5000E+2
8.2907E-2	5.5896E-1	1.0000E+2
8.3259E-2	5.5751E-1	2.3000E+2
8.3612E-2	5.5678E-1	-1.3300E+2
8.3965E-2	5.5702E-1	-3.6100E+2
8.4318E-2	5.5654E-1	-2.0000E+2
8.4554E-2	5.5629E-1	-1.3300E+2
8.4907E-2	5.5581E-1	7.3000E+1
8.5260E-2	5.5532E-1	-2.2500E+2
8.5613E-2	5.5532E-1	-2.4100E+2
8.5966E-2	5.5435E-1	-4.6200E+2
8.6201E-2	5.5386E-1	-3.8900E+2
8.6554E-2	5.5241E-1	2.7000E+1
8.6907E-2	5.5338E-1	-5.6700E+2
8.7260E-2	5.5168E-1	5.0100E+2
8.7495E-2	5.5143E-1	-5.2100E+2
8.7848E-2	5.5168E-1	-6.9400E+2
8.8201E-2	5.5362E-1	-2.5300E+2
8.8554E-2	5.5046E-1	-1.6700E+2
8.8789E-2	5.5119E-1	5.8200E+2
8.9142E-2	5.4998E-1	-1.2300E+2
8.9495E-2	5.4949E-1	-3.1000E+1
8.9848E-2	5.4998E-1	-8.0000E+1
9.0201E-2	5.4900E-1	9.4000E+1
9.0436E-2	5.4949E-1	-2.0100E+2
9.0789E-2	5.4633E-1	1.4500E+2
9.1142E-2	5.4779E-1	-5.0300E+2
9.1495E-2	5.4609E-1	1.7400E+2
9.1848E-2	5.4730E-1	8.8000E+1
9.2084E-2	5.4730E-1	1.4900E+2
9.2437E-2	5.4609E-1	-1.1000E+1
9.2790E-2	5.4560E-1	-1.7000E+2
9.3143E-2	5.4317E-1	-4.6900E+2
9.3378E-2	5.4415E-1	3.5600E+2
9.3731E-2	5.4415E-1	-1.9600E+2
9.4084E-2	5.4366E-1	5.8000E+1
9.4437E-2	5.4390E-1	1.1100E+2
9.4790E-2	5.4269E-1	-2.9900E+2
9.5025E-2	5.4172E-1	3.8400E+2
9.5378E-2	5.3929E-1	2.4600E+2
9.5731E-2	5.4317E-1	1.4700E+2
9.6084E-2	5.4147E-1	4.4000E+1
9.6437E-2	5.4099E-1	-3.9000E+1
9.6672E-2	5.3904E-1	-4.6200E+2
9.7025E-2	5.3953E-1	3.0000E+2
9.7378E-2	5.3904E-1	3.6500E+2
9.7613E-2	5.3783E-1	-2.1000E+1
9.8084E-2	5.3832E-1	-2.6900E+2
9.8319E-2	5.3734E-1	3.0300E+2
9.8672E-2	5.3759E-1	-1.9000E+1
9.9025E-2	5.3661E-1	1.2600E+2
9.9261E-2	5.3613E-1	-4.0700E+2
9.9614E-2	5.3686E-1	3.8000E+1
9.9967E-2	5.3661E-1	4.0000E+1
1.0032E-1	5.3394E-1	3.1000E+1
1.0067E-1	5.3540E-1	6.4000E+1
1.0091E-1	5.3443E-1	-1.2700E+2
1.0126E-1	5.3249E-1	4.9800E+2
1.0161E-1	5.3297E-1	9.1000E+1
1.0197E-1	5.3078E-1	-7.9000E+1
1.0232E-1	5.3151E-1	6.7600E+2
1.0256E-1	5.3103E-1	-8.0000E+0
1.0291E-1	5.3054E-1	-2.9900E+2
1.0326E-1	5.2933E-1	3.3700E+2
1.0361E-1	5.3176E-1	-1.0000E+0
1.0385E-1	5.2787E-1	-1.1000E+1
1.0420E-1	5.2787E-1	1.4600E+2
1.0456E-1	5.2714E-1	5.7000E+1
1.0491E-1	5.2860E-1	-1.7000E+2
1.0526E-1	5.2641E-1	-3.0900E+2
1.0550E-1	5.2520E-1	-3.3100E+2
1.0585E-1	5.2520E-1	1.8400E+2
1.0620E-1	5.2690E-1	1.4200E+2
1.0656E-1	5.2471E-1	-6.3000E+1
1.0679E-1	5.2520E-1	-3.2000E+2
1.0714E-1	5.2374E-1	-2.7400E+2
1.0750E-1	5.2447E-1	3.1700E+2
1.0785E-1	5.2204E-1	6.1800E+2
1.0820E-1	5.2301E-1	6.5300E+2
1.0844E-1	5.2131E-1	-2.1400E+2
1.0879E-1	5.2204E-1	5.5200E+2
1.0914E-1	5.1985E-1	4.8000E+1
1.0950E-1	5.1888E-1	-1.6000E+2
1.0973E-1	5.1937E-1	4.0400E+2
1.1009E-1	5.1839E-1	-2.9600E+2
1.1044E-1	5.1888E-1	7.3000E+1
1.1079E-1	5.1767E-1	5.0100E+2
1.1114E-1	5.1791E-1	4.6200E+2
1.1138E-1	5.1767E-1	4.4400E+2
1.1173E-1	5.1499E-1	2.6200E+2
1.1209E-1	5.1524E-1	-1.3100E+2
1.1244E-1	5.1475E-1	-2.9800E+2
1.1279E-1	5.1597E-1	2.6600E+2
1.1303E-1	5.1378E-1	-1.1700E+2
1.1338E-1	5.1354E-1	-1.9100E+2
1.1373E-1	5.1329E-1	7.7000E+1
1.1409E-1	5.1354E-1	8.1000E+1
1.1444E-1	5.1305E-1	-7.5000E+1
1.1467E-1	5.1256E-1	2.9100E+2
1.1503E-1	5.0965E-1	3.5000E+1
1.1538E-1	5.0965E-1	2.9100E+2
1.1561E-1	5.0989E-1	8.8500E+2
1.1597E-1	5.0941E-1	3.2000E+2
1.1632E-1	5.0868E-1	-3.3300E+2
1.1667E-1	5.0722E-1	2.6200E+2
1.1703E-1	5.0771E-1	-1.1700E+2
1.1726E-1	5.0528E-1	3.2700E+2
1.1761E-1	5.0406E-1	5.7700E+2
1.1797E-1	5.0503E-1	-5.9000E+1
1.1832E-1	5.0503E-1	3.0300E+2
1.1867E-1	5.0090E-1	5.8600E+2
1.1891E-1	5.0115E-1	2.4100E+2
1.1926E-1	5.0017E-1	3.2100E+2
1.1962E-1	5.0115E-1	1.2740E+3
1.1997E-1	5.0066E-1	-1.7300E+2
1.2020E-1	4.9872E-1	-2.3200E+2
1.2056E-1	4.9896E-1	-2.9700E+2
1.2091E-1	4.9605E-1	-2.5400E+2
1.2126E-1	4.9750E-1	1.5200E+2
1.2162E-1	4.9580E-1	9.0000E+0
1.2185E-1	4.9653E-1	2.8600E+2
1.2220E-1	4.9459E-1	-1.9600E+2
1.2256E-1	4.9532E-1	1.0600E+2
1.2291E-1	4.9556E-1	1.7900E+2
1.2326E-1	4.9386E-1	-2.4900E+2
1.2350E-1	4.9386E-1	-3.9000E+1
1.2385E-1	4.9289E-1	2.2300E+2
1.2420E-1	4.9119E-1	1.6800E+2
1.2456E-1	4.9167E-1	3.3000E+1
1.2491E-1	4.8973E-1	-2.4200E+2
1.2514E-1	4.8949E-1	2.0200E+2
1.2550E-1	4.9046E-1	-5.4500E+2
1.2585E-1	4.8949E-1	3.7900E+2
1.2609E-1	4.8900E-1	1.1000E+2
1.2644E-1	4.8730E-1	-2.5800E+2
1.2679E-1	4.8827E-1	3.1400E+2
1.2715E-1	4.8560E-1	-4.1800E+2
1.2750E-1	4.8608E-1	7.7000E+1
1.2773E-1	4.8584E-1	-1.1700E+2
1.2809E-1	4.8366E-1	8.2900E+2
1.2844E-1	4.8268E-1	1.6400E+2
1.2879E-1	4.8123E-1	-3.8300E+2
1.2915E-1	4.8317E-1	1.5100E+2
1.2938E-1	4.8244E-1	9.0000E+1
1.2973E-1	4.8341E-1	1.6100E+2
1.3009E-1	4.8268E-1	3.6100E+2
1.3044E-1	4.8244E-1	-3.1000E+1
1.3079E-1	4.8171E-1	-1.1480E+3
1.3103E-1	4.8414E-1	-4.2900E+2
1.3138E-1	4.8317E-1	4.9500E+2
1.3173E-1	4.8147E-1	4.0700E+2
1.3209E-1	4.8098E-1	2.4200E+2
1.3232E-1	4.8025E-1	8.0400E+2
1.3267E-1	4.7661E-1	9.4600E+2
1.3303E-1	4.7783E-1	6.9900E+2
1.3338E-1	4.7758E-1	7.5300E+2
1.3362E-1	4.7564E-1	9.9600E+2
1.3397E-1	4.7370E-1	3.3600E+2
1.3432E-1	4.7102E-1	2.7700E+2
1.3468E-1	4.7175E-1	2.7000E+2
1.3503E-1	4.7054E-1	2.3500E+2
1.3526E-1	4.6932E-1	-1.1000E+2
1.3562E-1	4.7005E-1	8.2400E+2
1.3597E-1	4.6811E-1	6.4000E+1
1.3632E-1	4.6616E-1	8.5000E+1
1.3656E-1	4.6592E-1	2.7000E+2
1.3691E-1	4.6568E-1	-1.6900E+2
1.3726E-1	4.6471E-1	6.4200E+2
1.3762E-1	4.6228E-1	2.6500E+2
1.3797E-1	4.6228E-1	1.9900E+2
1.3820E-1	4.6179E-1	1.0000E+0
1.3856E-1	4.6228E-1	-1.1800E+2
1.3891E-1	4.5961E-1	3.7700E+2
1.3926E-1	4.6009E-1	5.8600E+2
1.3962E-1	4.5790E-1	-3.8100E+2
1.3985E-1	4.5912E-1	1.5700E+2
1.4020E-1	4.5669E-1	-1.7300E+2
1.4056E-1	4.5548E-1	1.6500E+2
1.4091E-1	4.5596E-1	1.8200E+2
1.4126E-1	4.5523E-1	2.9100E+2
1.4150E-1	4.5426E-1	5.3700E+2
1.4185E-1	4.5450E-1	6.4700E+2
1.4221E-1	4.5329E-1	-1.4500E+2
1.4244E-1	4.5402E-1	3.4900E+2
1.4279E-1	4.5280E-1	3.6600E+2
1.4315E-1	4.5207E-1	4.3600E+2
1.4350E-1	4.5183E-1	-7.6100E+2
1.4385E-1	4.4940E-1	3.3400E+2
1.4409E-1	4.4940E-1	2.5800E+2
1.4444E-1	4.5037E-1	2.1700E+2
1.4479E-1	4.4819E-1	5.4700E+2
1.4515E-1	4.4794E-1	-7.4000E+1
1.4550E-1	4.4673E-1	-4.5800E+2
1.4573E-1	4.4600E-1	5.4000E+1
1.4609E-1	4.4624E-1	5.9900E+2
1.4644E-1	4.4624E-1	4.4000E+1
1.4679E-1	4.4600E-1	-6.0000E+0
1.4715E-1	4.4673E-1	-1.5600E+2
1.4738E-1	4.4673E-1	-1.0460E+3
1.4773E-1	4.4673E-1	-1.3300E+2
1.4809E-1	4.4649E-1	2.4900E+2
1.4844E-1	4.4673E-1	3.8000E+1
1.4868E-1	4.4649E-1	1.5400E+2
1.4903E-1	4.4454E-1	9.8500E+2
1.4938E-1	4.4406E-1	6.1000E+2
1.4974E-1	4.4139E-1	1.1140E+3
1.5009E-1	4.4187E-1	6.6800E+2
1.5032E-1	4.3896E-1	1.1360E+3
1.5068E-1	4.3944E-1	6.7300E+2
1.5103E-1	4.3628E-1	-1.7300E+2
1.5138E-1	4.3531E-1	2.9600E+2
1.5162E-1	4.3313E-1	6.1400E+2
1.5197E-1	4.3458E-1	4.2800E+2
1.5232E-1	4.3191E-1	-1.0100E+2
1.5268E-1	4.3070E-1	3.8200E+2
1.5291E-1	4.3215E-1	3.9300E+2
1.5326E-1	4.3021E-1	5.6900E+2
1.5362E-1	4.2827E-1	4.7800E+2
1.5397E-1	4.2972E-1	4.2100E+2
1.5432E-1	4.2900E-1	7.0600E+2
1.5456E-1	4.2681E-1	4.1300E+2
1.5491E-1	4.2657E-1	7.1800E+2
1.5526E-1	4.2511E-1	1.8200E+2
1.5562E-1	4.2608E-1	6.8900E+2
1.5597E-1	4.2584E-1	6.3500E+2
1.5621E-1	4.2317E-1	1.6300E+2
1.5656E-1	4.2511E-1	-4.1700E+2
1.5691E-1	4.2389E-1	2.7100E+2
1.5727E-1	4.2122E-1	3.2000E+2
1.5762E-1	4.2244E-1	-2.0000E+1
1.5785E-1	4.2292E-1	-4.8100E+2
1.5821E-1	4.2098E-1	3.9000E+1
1.5856E-1	4.2438E-1	-3.6900E+2
1.5891E-1	4.2438E-1	-3.1000E+1
1.5915E-1	4.2608E-1	-1.0970E+3
1.5950E-1	4.2730E-1	-1.1290E+3
1.5985E-1	4.2900E-1	-8.2500E+2
1.6021E-1	4.3313E-1	-1.9700E+2
1.6044E-1	4.3313E-1	-2.2000E+2
1.6079E-1	4.3094E-1	6.3600E+2
1.6115E-1	4.2948E-1	9.0600E+2
1.6150E-1	4.2511E-1	1.3680E+3
1.6185E-1	4.2122E-1	1.8010E+3
1.6209E-1	4.1782E-1	7.8700E+2
1.6244E-1	4.1636E-1	5.6000E+2
1.6279E-1	4.1466E-1	1.8400E+2
1.6315E-1	4.1296E-1	8.5000E+2
1.6350E-1	4.1126E-1	4.2500E+2
1.6374E-1	4.1005E-1	-1.4400E+2
1.6409E-1	4.0908E-1	1.3100E+2
1.6444E-1	4.1053E-1	-1.3200E+2
1.6479E-1	4.0543E-1	2.3300E+2
1.6503E-1	4.0737E-1	4.4400E+2
1.6538E-1	4.0567E-1	-2.1800E+2
1.6574E-1	4.0495E-1	7.3600E+2
1.6609E-1	4.0470E-1	1.1900E+2
1.6644E-1	4.0324E-1	1.6600E+2
1.6668E-1	4.0324E-1	-8.8000E+1
1.6703E-1	4.0422E-1	3.1000E+1
1.6738E-1	4.0106E-1	-9.9000E+1
1.6774E-1	4.0057E-1	-6.6000E+1
1.6809E-1	3.9960E-1	-3.9000E+2
1.6832E-1	4.0033E-1	-1.7000E+1
1.6868E-1	3.9984E-1	1.3100E+2
1.6903E-1	3.9960E-1	-3.4900E+2
1.6927E-1	3.9766E-1	2.0300E+2
1.6974E-1	3.9911E-1	-1.9200E+2
1.6997E-1	3.9790E-1	5.0800E+2
1.7032E-1	3.9620E-1	2.9300E+2
1.7068E-1	3.9766E-1	1.2400E+2
1.7091E-1	3.9547E-1	1.4000E+2
1.7127E-1	3.9717E-1	-4.7300E+2
1.7162E-1	3.9741E-1	1.1900E+2
1.7197E-1	3.9523E-1	1.9000E+1
1.7232E-1	3.9741E-1	3.3700E+2
1.7256E-1	3.9571E-1	-3.0000E+1
1.7291E-1	3.9717E-1	1.7800E+2
1.7327E-1	3.9547E-1	-4.4800E+2
1.7362E-1	3.9450E-1	-9.9000E+1
1.7397E-1	3.9814E-1	-4.2500E+2
1.7421E-1	3.9741E-1	-5.7400E+2
1.7456E-1	3.9887E-1	-5.9000E+1
1.7491E-1	3.9984E-1	-4.0200E+2
1.7527E-1	4.0252E-1	-6.9700E+2
1.7550E-1	4.0689E-1	-9.8300E+2
1.7585E-1	4.1175E-1	-1.5540E+3
1.7621E-1	4.1612E-1	-2.0210E+3
1.7656E-1	4.2244E-1	-1.8450E+3
1.7691E-1	4.3045E-1	-1.8330E+3
1.7715E-1	4.3483E-1	-1.1800E+3
1.7750E-1	4.3580E-1	7.2700E+2
1.7785E-1	4.3313E-1	1.2360E+3
1.7821E-1	4.2948E-1	1.5340E+3
1.7844E-1	4.2098E-1	2.4040E+3
1.7880E-1	4.1248E-1	1.6570E+3
1.7915E-1	4.0373E-1	8.4700E+2
1.7950E-1	3.9766E-1	9.1100E+2
1.7985E-1	3.9741E-1	8.9700E+2
1.8009E-1	3.9037E-1	1.1530E+3
1.8044E-1	3.9110E-1	1.2630E+3
1.8080E-1	3.8697E-1	1.6000E+1
1.8115E-1	3.8624E-1	2.2100E+2
1.8138E-1	3.8551E-1	6.7100E+2
1.8174E-1	3.8308E-1	-8.3000E+1
1.8209E-1	3.8308E-1	1.9500E+2
1.8244E-1	3.8235E-1	-1.5900E+2
1.8280E-1	3.8065E-1	-2.0600E+2
1.8303E-1	3.7847E-1	5.6600E+2
1.8338E-1	3.7774E-1	-7.2000E+1
1.8374E-1	3.7774E-1	-8.6000E+1
1.8409E-1	3.7652E-1	4.7800E+2
1.8444E-1	3.7725E-1	6.3000E+1
1.8468E-1	3.7628E-1	-3.5800E+2
1.8503E-1	3.7604E-1	2.1000E+1
1.8538E-1	3.7361E-1	1.8900E+2
1.8562E-1	3.7482E-1	4.7800E+2
1.8609E-1	3.7409E-1	6.0000E+0
1.8633E-1	3.7409E-1	5.1000E+1
1.8668E-1	3.7166E-1	8.1000E+1
1.8703E-1	3.7336E-1	-5.0100E+2
1.8727E-1	3.7288E-1	-6.4000E+1
1.8762E-1	3.7045E-1	-3.2000E+1
1.8797E-1	3.7118E-1	2.4500E+2
1.8833E-1	3.7142E-1	-6.0100E+2
1.8868E-1	3.7069E-1	-2.2200E+2
1.8891E-1	3.7021E-1	-2.3200E+2
1.8927E-1	3.6948E-1	-6.2000E+1
1.8962E-1	3.6948E-1	-1.3400E+2
1.8997E-1	3.7069E-1	-1.9400E+2
1.9033E-1	3.6875E-1	1.6100E+2
1.9056E-1	3.6705E-1	4.2700E+2
1.9091E-1	3.6729E-1	-8.0000E+1
1.9127E-1	3.6826E-1	-2.7200E+2
1.9162E-1	3.6705E-1	-4.1000E+1
1.9186E-1	3.6753E-1	-1.5800E+2
1.9221E-1	3.6778E-1	0.0000E+0
1.9256E-1	3.6778E-1	-2.2000E+2
1.9291E-1	3.6778E-1	3.6100E+2
1.9327E-1	3.6632E-1	-2.8200E+2
1.9350E-1	3.6680E-1	-6.0100E+2
1.9386E-1	3.6656E-1	-8.6000E+1
1.9421E-1	3.6729E-1	-3.1100E+2
1.9456E-1	3.6583E-1	-7.3000E+1
1.9491E-1	3.6510E-1	-2.4100E+2
1.9515E-1	3.6535E-1	-1.5900E+2
1.9550E-1	3.6559E-1	-2.3400E+2
1.9586E-1	3.6559E-1	-2.6700E+2
1.9621E-1	3.6559E-1	-7.0900E+2
1.9656E-1	3.6413E-1	-5.3400E+2
1.9680E-1	3.6486E-1	-9.8000E+1
1.9715E-1	3.6438E-1	4.8500E+2
1.9750E-1	3.6462E-1	-2.8000E+1
1.9774E-1	3.6535E-1	-2.1700E+2
1.9809E-1	3.6680E-1	1.1600E+2
1.9844E-1	3.6438E-1	-4.3300E+2
1.9880E-1	3.6365E-1	-8.6600E+2
1.9915E-1	3.6267E-1	-8.3000E+1
1.9939E-1	3.6559E-1	2.4300E+2
1.9974E-1	3.6389E-1	5.2000E+1
2.0009E-1	3.6365E-1	3.9100E+2
2.0044E-1	3.6365E-1	-2.6800E+2
2.0080E-1	3.6583E-1	-2.2100E+2
2.0103E-1	3.6510E-1	-7.6800E+2
2.0139E-1	3.6365E-1	-8.7000E+1
2.0174E-1	3.6583E-1	-2.4200E+2
2.0209E-1	3.6632E-1	-1.0670E+3
2.0244E-1	3.6462E-1	4.0100E+2
2.0268E-1	3.6340E-1	-7.1000E+1
2.0303E-1	3.6510E-1	2.4600E+2
2.0339E-1	3.6656E-1	-7.4300E+2
2.0374E-1	3.6389E-1	-3.6600E+2
2.0397E-1	3.6753E-1	-8.3700E+2
2.0433E-1	3.6729E-1	-3.3000E+1
2.0468E-1	3.6680E-1	-3.8700E+2
2.0503E-1	3.6851E-1	-1.1810E+3
2.0527E-1	3.7215E-1	-5.2000E+2
2.0562E-1	3.7215E-1	-7.5600E+2
2.0597E-1	3.7458E-1	4.5000E+1
2.0633E-1	3.7336E-1	5.4200E+2
2.0668E-1	3.7288E-1	-1.7400E+2
2.0692E-1	3.7239E-1	2.7600E+2
2.0727E-1	3.6923E-1	3.4900E+2
2.0762E-1	3.6778E-1	4.6500E+2
2.0797E-1	3.6826E-1	2.7100E+2
2.0821E-1	3.6875E-1	3.8000E+2
2.0856E-1	3.6851E-1	-7.6000E+2
2.0892E-1	3.6705E-1	-5.8700E+2
2.0927E-1	3.6778E-1	-7.4700E+2
2.0962E-1	3.6948E-1	-3.9900E+2
2.0986E-1	3.6778E-1	-4.4900E+2
2.1021E-1	3.6899E-1	1.1600E+2
2.1056E-1	3.6899E-1	-6.9300E+2
2.1092E-1	3.7045E-1	-7.2300E+2
2.1127E-1	3.6899E-1	-6.6000E+2
2.1150E-1	3.6972E-1	-3.9200E+2
2.1186E-1	3.7021E-1	1.4900E+2
2.1221E-1	3.6972E-1	1.1300E+2
2.1256E-1	3.6948E-1	-5.1300E+2
2.1292E-1	3.7142E-1	-1.2400E+2
2.1315E-1	3.7069E-1	1.7800E+2
2.1350E-1	3.6996E-1	-4.8200E+2
2.1386E-1	3.7093E-1	-9.2400E+2
2.1409E-1	3.7215E-1	-3.0300E+2
2.1445E-1	3.7312E-1	-2.9600E+2
2.1480E-1	3.7166E-1	-2.7200E+2
2.1515E-1	3.7312E-1	7.0000E+1
2.1550E-1	3.7385E-1	-4.9600E+2
2.1574E-1	3.7409E-1	-7.0100E+2
2.1609E-1	3.7409E-1	-2.1000E+2
2.1645E-1	3.7458E-1	-4.7600E+2
2.1680E-1	3.7385E-1	-5.2700E+2
2.1715E-1	3.7579E-1	-6.1400E+2
2.1739E-1	3.7604E-1	-1.1100E+2
2.1774E-1	3.7677E-1	-8.1000E+1
2.1809E-1	3.7701E-1	-8.4900E+2
2.1845E-1	3.7749E-1	-5.4300E+2
2.1880E-1	3.7822E-1	-5.3500E+2
2.1903E-1	3.7822E-1	-8.4200E+2
2.1939E-1	3.7822E-1	-4.0900E+2
2.1974E-1	3.7871E-1	-1.8500E+2
2.2009E-1	3.7847E-1	-3.1700E+2
2.2033E-1	3.8065E-1	-1.1000E+1
2.2068E-1	3.7822E-1	-2.4400E+2
2.2103E-1	3.8187E-1	-4.1900E+2
2.2139E-1	3.8235E-1	-1.8100E+2
2.2174E-1	3.8235E-1	-6.1000E+1
2.2198E-1	3.8162E-1	-4.8600E+2
2.2233E-1	3.8235E-1	-2.7600E+2
2.2268E-1	3.8138E-1	-2.2900E+2
2.2303E-1	3.8430E-1	-5.7400E+2
2.2327E-1	3.8502E-1	-4.7700E+2
2.2362E-1	3.8405E-1	-6.8200E+2
2.2398E-1	3.8721E-1	-2.8600E+2
2.2433E-1	3.8478E-1	-7.2200E+2
2.2456E-1	3.8745E-1	-1.0670E+3
2.2492E-1	3.8745E-1	4.2800E+2
2.2527E-1	3.8794E-1	-2.7600E+2
2.2562E-1	3.8915E-1	-4.4500E+2
2.2598E-1	3.8843E-1	-4.2700E+2
2.2621E-1	3.8915E-1	-5.4200E+2
2.2656E-1	3.9110E-1	-1.7700E+2
2.2692E-1	3.9158E-1	2.1500E+2
2.2727E-1	3.8964E-1	-1.5500E+2
2.2762E-1	3.9134E-1	-1.6500E+2
2.2786E-1	3.9280E-1	-1.6300E+2
2.2821E-1	3.9426E-1	-3.0700E+2
2.2856E-1	3.9280E-1	-2.2600E+2
2.2892E-1	3.9499E-1	-1.5100E+2
2.2927E-1	3.9499E-1	-3.8400E+2
2.2951E-1	3.9766E-1	-5.0000E+0
2.2986E-1	3.9717E-1	-9.5100E+2
2.3021E-1	3.9766E-1	-6.0800E+2
2.3045E-1	3.9644E-1	-8.9800E+2
2.3080E-1	3.9863E-1	-8.9900E+2
2.3115E-1	3.9669E-1	-5.5700E+2
2.3151E-1	3.9911E-1	-5.2500E+2
2.3186E-1	4.0057E-1	-2.7900E+2
2.3209E-1	4.0057E-1	-8.8400E+2
2.3245E-1	4.0252E-1	-1.6300E+2
2.3280E-1	4.0203E-1	-7.0600E+2
2.3315E-1	4.0373E-1	-3.1000E+1
2.3351E-1	4.0495E-1	-6.7100E+2
2.3374E-1	4.0300E-1	-6.3400E+2
2.3409E-1	4.0616E-1	-3.8300E+2
2.3445E-1	4.0713E-1	-1.5000E+1
2.3480E-1	4.0810E-1	-6.6200E+2
2.3504E-1	4.0956E-1	-4.2700E+2
2.3539E-1	4.0762E-1	-1.2800E+2
2.3574E-1	4.0883E-1	-5.6500E+2
2.3609E-1	4.1150E-1	-7.9300E+2
2.3645E-1	4.1296E-1	-1.6000E+1
2.3668E-1	4.1175E-1	-8.2400E+2
2.3704E-1	4.1345E-1	1.1000E+1
2.3739E-1	4.1296E-1	-4.5200E+2
2.3774E-1	4.1442E-1	-1.0800E+3
2.3809E-1	4.1491E-1	-4.1100E+2
2.3833E-1	4.1539E-1	-8.6200E+2
2.3868E-1	4.1661E-1	-8.1700E+2
2.3904E-1	4.1928E-1	-4.9100E+2
2.3927E-1	4.1782E-1	-1.6100E+2
2.3974E-1	4.1855E-1	-5.6500E+2
2.3998E-1	4.1976E-1	-3.4300E+2
2.4033E-1	4.2146E-1	-6.2000E+2
2.4068E-1	4.2146E-1	-6.9000E+2
2.4092E-1	4.2268E-1	-4.9700E+2
2.4127E-1	4.2341E-1	-4.5200E+2
2.4162E-1	4.2487E-1	-8.8900E+2
2.4198E-1	4.2487E-1	-6.4100E+2
2.4233E-1	4.2754E-1	-5.5900E+2
2.4257E-1	4.2657E-1	-2.8100E+2
2.4292E-1	4.2851E-1	-8.4700E+2
2.4327E-1	4.2851E-1	-8.5500E+2
2.4362E-1	4.3021E-1	-6.8100E+2
2.4398E-1	4.2997E-1	-8.5500E+2
2.4421E-1	4.3118E-1	-1.2350E+3
2.4457E-1	4.3264E-1	-1.9000E+1
2.4492E-1	4.3361E-1	-1.9700E+2
2.4527E-1	4.3167E-1	-4.4600E+2
2.4562E-1	4.3483E-1	-2.7300E+2
2.4586E-1	4.3580E-1	-6.1900E+2
2.4621E-1	4.3653E-1	-1.1070E+3
2.4657E-1	4.3580E-1	-1.1080E+3
2.4692E-1	4.3701E-1	-9.6400E+2
2.4715E-1	4.4041E-1	-9.5100E+2
2.4751E-1	4.4041E-1	-1.1760E+3
2.4786E-1	4.3993E-1	-1.9900E+2
2.4821E-1	4.4163E-1	-4.7500E+2
2.4857E-1	4.4284E-1	-1.0280E+3
2.4880E-1	4.4211E-1	-1.0330E+3
2.4915E-1	4.4260E-1	5.2000E+1
2.4951E-1	4.4624E-1	-8.2900E+2
2.4986E-1	4.4600E-1	-4.9900E+2
2.5010E-1	4.4649E-1	-2.6600E+2
2.5045E-1	4.4843E-1	-7.9200E+2
2.5080E-1	4.4940E-1	-8.7800E+2
2.5115E-1	4.4892E-1	-1.1000E+2
2.5139E-1	4.5159E-1	-2.0700E+2
2.5174E-1	4.5135E-1	-1.1130E+3
2.5210E-1	4.5329E-1	-7.0100E+2
2.5245E-1	4.5329E-1	-7.0700E+2
2.5280E-1	4.5207E-1	-7.8900E+2
2.5304E-1	4.5548E-1	-7.9400E+2
2.5339E-1	4.5645E-1	-8.9400E+2
2.5374E-1	4.5693E-1	-6.7500E+2
2.5410E-1	4.5669E-1	-2.5400E+2
2.5445E-1	4.5936E-1	-8.9300E+2
2.5468E-1	4.5815E-1	-1.0000E+2
2.5504E-1	4.6106E-1	-5.7000E+2
2.5539E-1	4.5961E-1	-8.8400E+2
2.5574E-1	4.6252E-1	-8.9000E+2
2.5610E-1	4.6374E-1	-7.1900E+2
2.5633E-1	4.6398E-1	-5.8700E+2
2.5668E-1	4.6471E-1	-1.2300E+2
2.5704E-1	4.6519E-1	-8.0600E+2
2.5727E-1	4.6859E-1	-7.0000E+2
2.5763E-1	4.6616E-1	-3.1500E+2
2.5798E-1	4.6811E-1	-7.2300E+2
2.5833E-1	4.6932E-1	-8.7800E+2
2.5868E-1	4.7029E-1	-8.1600E+2
2.5892E-1	4.7102E-1	-6.9300E+2
2.5927E-1	4.7199E-1	-4.6100E+2
2.5963E-1	4.7175E-1	-7.7000E+2
2.5998E-1	4.7345E-1	-9.5500E+2
2.6033E-1	4.7588E-1	-1.3390E+3
2.6057E-1	4.7564E-1	-2.8100E+2
2.6092E-1	4.7515E-1	-8.4100E+2
2.6127E-1	4.7588E-1	-2.9600E+2
2.6163E-1	4.7783E-1	-4.8600E+2
2.6198E-1	4.7734E-1	-2.8300E+2
2.6221E-1	4.8074E-1	-5.9300E+2
2.6257E-1	4.8050E-1	-1.0600E+3
2.6292E-1	4.8050E-1	-5.2400E+2
2.6327E-1	4.8220E-1	-4.1400E+2
2.6351E-1	4.8366E-1	-8.3600E+2
2.6386E-1	4.8511E-1	-6.3900E+2
2.6421E-1	4.8584E-1	-5.4700E+2
2.6457E-1	4.8706E-1	-4.0400E+2
2.6492E-1	4.8827E-1	-9.2000E+2
2.6516E-1	4.8657E-1	-1.0500E+3
2.6551E-1	4.8876E-1	-9.4700E+2
2.6586E-1	4.9046E-1	-3.0000E+2
2.6621E-1	4.9094E-1	-4.7900E+2
2.6657E-1	4.9119E-1	-1.5320E+3
2.6680E-1	4.9167E-1	-6.2100E+2
2.6716E-1	4.9386E-1	-7.2800E+2
2.6751E-1	4.9410E-1	-6.3100E+2
2.6774E-1	4.9434E-1	-6.4100E+2
2.6810E-1	4.9459E-1	-6.9300E+2
2.6845E-1	4.9629E-1	-1.3900E+2
2.6880E-1	4.9653E-1	-9.5600E+2
2.6916E-1	4.9920E-1	-5.8100E+2
2.6939E-1	4.9945E-1	-1.5530E+3
2.6974E-1	4.9872E-1	-6.7200E+2
2.7010E-1	4.9872E-1	-6.0200E+2
2.7045E-1	5.0163E-1	-7.0000E+2
2.7080E-1	5.0188E-1	-4.9200E+2
2.7104E-1	5.0212E-1	-1.2200E+2
2.7139E-1	5.0115E-1	-3.9100E+2
2.7174E-1	5.0430E-1	-5.6900E+2
2.7210E-1	5.0382E-1	-4.4800E+2
2.7245E-1	5.0430E-1	-4.5100E+2
2.7269E-1	5.0722E-1	-1.0480E+3
2.7304E-1	5.0868E-1	-7.3700E+2
2.7339E-1	5.0819E-1	3.0000E+1
2.7374E-1	5.0771E-1	-5.2200E+2
2.7398E-1	5.1014E-1	-1.8200E+2
2.7433E-1	5.1086E-1	-3.5500E+2
2.7469E-1	5.1014E-1	-8.6500E+2
2.7504E-1	5.1184E-1	-6.6900E+2
2.7527E-1	5.1159E-1	-3.5300E+2
2.7563E-1	5.1451E-1	-1.0210E+3
2.7598E-1	5.1354E-1	-1.0000E+3
2.7633E-1	5.1548E-1	-4.1600E+2
2.7669E-1	5.1597E-1	-6.2000E+1
2.7692E-1	5.1645E-1	-1.1220E+3
2.7727E-1	5.1912E-1	-5.4700E+2
2.7763E-1	5.1767E-1	-1.3580E+3
2.7798E-1	5.1839E-1	-7.3700E+2
2.7833E-1	5.1961E-1	-5.8600E+2
2.7857E-1	5.1937E-1	-5.3300E+2
2.7892E-1	5.2082E-1	-1.3200E+2
2.7927E-1	5.2180E-1	-7.3300E+2
2.7963E-1	5.2180E-1	-6.3700E+2
2.7986E-1	5.2180E-1	-1.2540E+3
2.8022E-1	5.2180E-1	-1.0500E+2
2.8057E-1	5.2423E-1	-2.9700E+2
2.8092E-1	5.2398E-1	-9.3500E+2
2.8127E-1	5.2544E-1	-2.6300E+2
2.8151E-1	5.2495E-1	-1.5100E+2
2.8186E-1	5.2617E-1	-3.2700E+2
2.8222E-1	5.2738E-1	-1.1910E+3
2.8257E-1	5.2908E-1	-3.6800E+2
2.8292E-1	5.2884E-1	-7.0000E+1
2.8316E-1	5.2860E-1	-2.0800E+2
2.8351E-1	5.2957E-1	9.9000E+1
2.8386E-1	5.3030E-1	-1.8000E+2
2.8410E-1	5.3127E-1	-1.1600E+2
2.8457E-1	5.3054E-1	-1.2610E+3
2.8480E-1	5.3127E-1	-8.0500E+2
2.8516E-1	5.3273E-1	-8.5100E+2
2.8551E-1	5.3224E-1	-2.4700E+2
2.8575E-1	5.3540E-1	-4.4700E+2
2.8610E-1	5.3370E-1	-6.7000E+1
2.8645E-1	5.3394E-1	-7.1100E+2
2.8680E-1	5.3321E-1	-4.6600E+2
2.8716E-1	5.3491E-1	-7.0000E+2
2.8739E-1	5.3661E-1	-7.0400E+2
2.8775E-1	5.3540E-1	-6.1000E+2
2.8810E-1	5.3661E-1	-3.3400E+2
2.8845E-1	5.3734E-1	-4.0800E+2
2.8880E-1	5.3856E-1	-4.0900E+2
2.8904E-1	5.3832E-1	-7.6000E+2
2.8939E-1	5.3783E-1	-3.8500E+2
2.8975E-1	5.4123E-1	-4.0000E+0
2.9010E-1	5.3977E-1	1.2900E+2
2.9033E-1	5.4074E-1	-5.0100E+2
2.9069E-1	5.3953E-1	-3.0500E+2
2.9104E-1	5.4172E-1	-3.2800E+2
2.9139E-1	5.4099E-1	-5.0500E+2
2.9175E-1	5.4196E-1	-5.0800E+2
2.9198E-1	5.4293E-1	-5.2600E+2
2.9233E-1	5.4196E-1	-3.2300E+2
2.9269E-1	5.4269E-1	-6.2200E+2
2.9304E-1	5.4293E-1	-1.4400E+2
2.9339E-1	5.4172E-1	-7.1900E+2
2.9363E-1	5.4342E-1	-4.4000E+1
2.9398E-1	5.4512E-1	-1.9000E+2
2.9433E-1	5.4390E-1	1.3000E+2
2.9469E-1	5.4463E-1	-5.9200E+2
2.9492E-1	5.4342E-1	-4.2700E+2
2.9528E-1	5.4560E-1	-9.6400E+2
2.9563E-1	5.4487E-1	-1.4800E+2
2.9598E-1	5.4706E-1	-5.1900E+2
2.9622E-1	5.4682E-1	-2.6100E+2
2.9657E-1	5.4682E-1	-2.3700E+2
2.9692E-1	5.4609E-1	-5.8700E+2
2.9728E-1	5.4658E-1	-3.2700E+2
2.9763E-1	5.4682E-1	-9.2600E+2
2.9786E-1	5.4852E-1	-4.8000E+2
2.9822E-1	5.4998E-1	-7.0600E+2
2.9857E-1	5.4900E-1	-3.6900E+2
2.9892E-1	5.4803E-1	-5.1000E+2
2.9928E-1	5.4900E-1	-5.8600E+2
2.9951E-1	5.4876E-1	1.1200E+2
2.9986E-1	5.4852E-1	-7.0000E+2
3.0022E-1	5.4900E-1	-1.6100E+2
3.0057E-1	5.5022E-1	-3.6800E+2
3.0092E-1	5.5046E-1	-7.7700E+2
3.0116E-1	5.4998E-1	-4.2900E+2
3.0151E-1	5.5119E-1	-5.0900E+2
3.0186E-1	5.5143E-1	-7.2900E+2
3.0210E-1	5.5046E-1	-3.5500E+2
3.0245E-1	5.5046E-1	-2.5300E+2
3.0281E-1	5.5119E-1	-3.7800E+2
3.0316E-1	5.4998E-1	-6.1100E+2
3.0351E-1	5.5241E-1	8.4000E+1
3.0375E-1	5.5192E-1	-2.8600E+2
3.0410E-1	5.5022E-1	-7.5100E+2
3.0445E-1	5.5241E-1	-4.3000E+1
3.0481E-1	5.5143E-1	-1.4300E+2
3.0516E-1	5.5071E-1	-9.4000E+1
3.0539E-1	5.5265E-1	-4.1500E+2
3.0575E-1	5.5168E-1	-3.7300E+2
3.0610E-1	5.5192E-1	-1.9200E+2
3.0645E-1	5.5192E-1	2.7400E+2
3.0669E-1	5.5143E-1	-5.5600E+2
3.0704E-1	5.5168E-1	-5.4300E+2
3.0739E-1	5.5313E-1	-6.5200E+2
3.0775E-1	5.5071E-1	-4.2300E+2
3.0810E-1	5.5095E-1	1.9200E+2
3.0834E-1	5.5265E-1	6.0000E+1
3.0869E-1	5.5313E-1	-2.1000E+1
3.0904E-1	5.5241E-1	4.0000E+1
3.0939E-1	5.5168E-1	-1.4500E+2
3.0975E-1	5.5265E-1	-2.1000E+1
3.0998E-1	5.5143E-1	-3.1200E+2
3.1034E-1	5.5046E-1	-2.7400E+2
