Aux out [V]	Aux in [V]	PDH out [a.u.]
3.1198E-1	2.1497E-1	2.5000E+2
3.1198E-1	2.1521E-1	2.4100E+2
3.1210E-1	2.1521E-1	4.4800E+2
3.1210E-1	2.1594E-1	6.2000E+2
3.1210E-1	2.1449E-1	3.0900E+2
3.1222E-1	2.1546E-1	4.2900E+2
3.1222E-1	2.1667E-1	5.6100E+2
3.1234E-1	2.1594E-1	8.0000E+2
3.1234E-1	2.1473E-1	1.1950E+3
3.1234E-1	2.1424E-1	1.7600E+2
3.1245E-1	2.1473E-1	3.1800E+2
3.1245E-1	2.1424E-1	6.0100E+2
3.1257E-1	2.1400E-1	3.8600E+2
3.1257E-1	2.1279E-1	6.7300E+2
3.1257E-1	2.1279E-1	7.1700E+2
3.1269E-1	2.1376E-1	3.3100E+2
3.1269E-1	2.1449E-1	6.8800E+2
3.1281E-1	2.1376E-1	7.9700E+2
3.1281E-1	2.1473E-1	3.6000E+2
3.1292E-1	2.1279E-1	4.7000E+2
3.1292E-1	2.1351E-1	7.9100E+2
3.1292E-1	2.1206E-1	6.6100E+2
3.1304E-1	2.1181E-1	1.8000E+2
3.1304E-1	2.1327E-1	6.4300E+2
3.1316E-1	2.1424E-1	4.3900E+2
3.1316E-1	2.1254E-1	5.5700E+2
3.1316E-1	2.1181E-1	3.8400E+2
3.1328E-1	2.1303E-1	5.1500E+2
3.1328E-1	2.1181E-1	7.0100E+2
3.1339E-1	2.1133E-1	1.3140E+3
3.1339E-1	2.1279E-1	1.1760E+3
3.1339E-1	2.1206E-1	5.6000E+2
3.1351E-1	2.1254E-1	6.0100E+2
3.1351E-1	2.1084E-1	8.2000E+2
3.1363E-1	2.1084E-1	4.2000E+2
3.1363E-1	2.1060E-1	3.6800E+2
3.1363E-1	2.1206E-1	7.1200E+2
3.1375E-1	2.1036E-1	3.7700E+2
3.1375E-1	2.1036E-1	3.6600E+2
3.1386E-1	2.1157E-1	1.7700E+2
3.1386E-1	2.1011E-1	4.8500E+2
3.1386E-1	2.1011E-1	1.7500E+2
3.1398E-1	2.1157E-1	7.5000E+2
3.1398E-1	2.0841E-1	8.6600E+2
3.1410E-1	2.0914E-1	5.0800E+2
3.1410E-1	2.0938E-1	5.2000E+2
3.1410E-1	2.0914E-1	1.3210E+3
3.1422E-1	2.0768E-1	6.7000E+2
3.1422E-1	2.0963E-1	7.6000E+1
3.1434E-1	2.0890E-1	9.1100E+2
3.1434E-1	2.0695E-1	4.6500E+2
3.1434E-1	2.0914E-1	2.3000E+1
3.1445E-1	2.0817E-1	2.2800E+2
3.1445E-1	2.0817E-1	5.3300E+2
3.1457E-1	2.0890E-1	5.5500E+2
3.1457E-1	2.0841E-1	7.7100E+2
3.1457E-1	2.0695E-1	-1.8100E+2
3.1469E-1	2.0768E-1	9.0900E+2
3.1469E-1	2.0720E-1	8.1000E+1
3.1481E-1	2.0793E-1	1.0350E+3
3.1481E-1	2.0817E-1	6.3400E+2
3.1481E-1	2.0671E-1	9.8800E+2
3.1492E-1	2.0720E-1	5.8100E+2
3.1492E-1	2.0695E-1	6.0800E+2
3.1504E-1	2.0744E-1	8.2000E+1
3.1504E-1	2.0793E-1	1.3490E+3
3.1504E-1	2.0768E-1	-2.3900E+2
3.1516E-1	2.0647E-1	5.1600E+2
3.1516E-1	2.0598E-1	-3.0000E+2
3.1528E-1	2.0501E-1	6.3600E+2
3.1528E-1	2.0647E-1	4.6600E+2
3.1528E-1	2.0550E-1	2.1000E+2
3.1539E-1	2.0525E-1	6.0200E+2
3.1539E-1	2.0866E-1	1.1870E+3
3.1551E-1	2.0695E-1	8.6600E+2
3.1551E-1	2.0574E-1	2.8400E+2
3.1551E-1	2.0428E-1	5.2600E+2
3.1563E-1	2.0598E-1	1.0900E+2
3.1563E-1	2.0574E-1	1.4600E+2
3.1575E-1	2.0695E-1	3.8500E+2
3.1575E-1	2.0623E-1	7.6600E+2
3.1575E-1	2.0598E-1	4.9900E+2
3.1587E-1	2.0574E-1	2.9100E+2
3.1587E-1	2.0550E-1	1.7300E+2
3.1598E-1	2.0501E-1	2.6700E+2
3.1598E-1	2.0550E-1	3.8000E+1
3.1598E-1	2.0380E-1	8.9800E+2
3.1610E-1	2.0355E-1	5.2000E+2
3.1610E-1	2.0501E-1	4.7000E+2
3.1622E-1	2.0525E-1	-1.8700E+2
3.1622E-1	2.0501E-1	1.2220E+3
3.1622E-1	2.0525E-1	1.1900E+2
3.1634E-1	2.0598E-1	4.3500E+2
3.1634E-1	2.0525E-1	2.4400E+2
3.1645E-1	2.0380E-1	2.3800E+2
3.1645E-1	2.0525E-1	1.3000E+2
3.1645E-1	2.0574E-1	1.1400E+2
3.1657E-1	2.0428E-1	6.0100E+2
3.1657E-1	2.0331E-1	4.6000E+1
3.1669E-1	2.0550E-1	5.9600E+2
3.1669E-1	2.0525E-1	1.6000E+2
3.1669E-1	2.0428E-1	2.6800E+2
3.1681E-1	2.0307E-1	-1.4000E+1
3.1681E-1	2.0477E-1	3.1200E+2
3.1692E-1	2.0525E-1	-1.5600E+2
3.1692E-1	2.0355E-1	5.3700E+2
3.1692E-1	2.0404E-1	3.1500E+2
3.1704E-1	2.0210E-1	4.4700E+2
3.1704E-1	2.0355E-1	2.6000E+1
3.1716E-1	2.0380E-1	4.4000E+2
3.1716E-1	2.0574E-1	3.4000E+2
3.1716E-1	2.0525E-1	4.0000E+1
3.1728E-1	2.0380E-1	-1.1700E+2
3.1728E-1	2.0453E-1	-1.0600E+2
3.1739E-1	2.0550E-1	-6.2000E+1
3.1739E-1	2.0501E-1	1.5900E+2
3.1739E-1	2.0404E-1	-2.9700E+2
3.1751E-1	2.0525E-1	-2.1300E+2
3.1751E-1	2.0453E-1	3.3700E+2
3.1763E-1	2.0574E-1	4.0000E+0
3.1763E-1	2.0404E-1	-3.2000E+1
3.1763E-1	2.0428E-1	-5.9000E+1
3.1775E-1	2.0210E-1	2.2000E+2
3.1775E-1	2.0477E-1	-5.8600E+2
3.1787E-1	2.0550E-1	-9.1000E+1
3.1787E-1	2.0404E-1	-2.1500E+2
3.1787E-1	2.0574E-1	-3.2100E+2
3.1798E-1	2.0525E-1	-9.0000E+1
3.1798E-1	2.0477E-1	-6.2800E+2
3.1810E-1	2.0307E-1	-5.8400E+2
3.1810E-1	2.0501E-1	-9.8000E+1
3.1822E-1	2.0525E-1	-3.1700E+2
3.1822E-1	2.0550E-1	2.4800E+2
3.1822E-1	2.0525E-1	-1.4900E+2
3.1834E-1	2.0525E-1	-6.4400E+2
3.1834E-1	2.0598E-1	2.0000E+2
3.1845E-1	2.0574E-1	2.6700E+2
3.1845E-1	2.0671E-1	-4.9000E+2
3.1845E-1	2.0623E-1	-3.3300E+2
3.1857E-1	2.0574E-1	8.0000E+1
3.1857E-1	2.0501E-1	-5.4100E+2
3.1857E-1	2.0695E-1	2.2600E+2
3.1869E-1	2.0793E-1	3.1800E+2
3.1869E-1	2.0695E-1	-3.5700E+2
3.1881E-1	2.0525E-1	-5.4100E+2
3.1881E-1	2.0671E-1	-2.3000E+2
3.1881E-1	2.0550E-1	7.4200E+2
3.1892E-1	2.0720E-1	1.3100E+2
3.1892E-1	2.0550E-1	1.8200E+2
3.1904E-1	2.0404E-1	2.0400E+2
3.1904E-1	2.0525E-1	9.0000E+1
3.1916E-1	2.0598E-1	3.8000E+1
3.1916E-1	2.0671E-1	-4.3400E+2
3.1916E-1	2.0453E-1	7.7400E+2
3.1928E-1	2.0525E-1	5.5600E+2
3.1928E-1	2.0598E-1	5.1500E+2
3.1939E-1	2.0647E-1	3.2100E+2
3.1939E-1	2.0671E-1	2.9400E+2
3.1939E-1	2.0525E-1	4.9700E+2
3.1951E-1	2.0574E-1	8.8000E+1
3.1951E-1	2.0525E-1	6.9800E+2
3.1963E-1	2.0574E-1	6.5700E+2
3.1963E-1	2.0501E-1	6.6500E+2
3.1963E-1	2.0501E-1	1.1640E+3
3.1975E-1	2.0477E-1	1.0440E+3
3.1975E-1	2.0355E-1	9.7000E+2
3.1987E-1	2.0355E-1	8.4900E+2
3.1987E-1	2.0331E-1	7.8300E+2
3.1987E-1	2.0404E-1	6.2900E+2
3.1998E-1	2.0380E-1	7.3500E+2
3.1998E-1	2.0307E-1	1.7150E+3
3.2010E-1	2.0307E-1	1.0810E+3
3.2010E-1	2.0234E-1	1.0650E+3
3.2010E-1	2.0258E-1	1.2620E+3
3.2022E-1	2.0283E-1	1.2910E+3
3.2022E-1	2.0307E-1	1.2100E+3
3.2034E-1	2.0064E-1	7.8700E+2
3.2034E-1	2.0064E-1	9.0100E+2
3.2034E-1	2.0015E-1	1.2930E+3
3.2045E-1	2.0040E-1	1.0540E+3
3.2045E-1	2.0015E-1	1.8780E+3
3.2057E-1	1.9942E-1	1.3850E+3
3.2057E-1	2.0064E-1	6.2000E+2
3.2057E-1	2.0015E-1	1.1040E+3
3.2069E-1	1.9894E-1	8.2200E+2
3.2069E-1	1.9967E-1	1.6900E+3
3.2081E-1	1.9845E-1	1.1000E+3
3.2081E-1	1.9797E-1	4.9800E+2
3.2081E-1	1.9942E-1	5.2100E+2
3.2092E-1	1.9675E-1	6.7800E+2
3.2092E-1	1.9821E-1	1.4400E+3
3.2104E-1	1.9870E-1	1.0520E+3
3.2104E-1	1.9651E-1	1.5400E+3
3.2104E-1	1.9870E-1	1.3070E+3
3.2116E-1	1.9894E-1	1.3350E+3
3.2116E-1	1.9797E-1	4.5900E+2
3.2128E-1	1.9578E-1	8.8400E+2
3.2128E-1	1.9797E-1	1.1510E+3
3.2128E-1	1.9554E-1	1.2200E+3
3.2139E-1	1.9699E-1	9.7400E+2
3.2139E-1	1.9675E-1	9.4400E+2
3.2151E-1	1.9627E-1	7.3200E+2
3.2151E-1	1.9432E-1	1.4260E+3
3.2151E-1	1.9481E-1	6.1700E+2
3.2163E-1	1.9651E-1	7.7500E+2
3.2163E-1	1.9554E-1	7.1000E+2
3.2175E-1	1.9481E-1	6.9600E+2
3.2175E-1	1.9384E-1	7.6000E+2
3.2175E-1	1.9481E-1	5.5100E+2
3.2187E-1	1.9529E-1	7.9500E+2
3.2187E-1	1.9408E-1	5.4800E+2
3.2198E-1	1.9554E-1	9.5800E+2
3.2198E-1	1.9286E-1	4.4100E+2
3.2198E-1	1.9238E-1	4.1400E+2
3.2210E-1	1.9408E-1	5.5200E+2
3.2210E-1	1.9408E-1	4.1900E+2
3.2222E-1	1.9238E-1	3.5200E+2
3.2222E-1	1.9335E-1	9.7000E+1
3.2222E-1	1.9262E-1	5.5800E+2
3.2234E-1	1.9238E-1	2.7300E+2
3.2234E-1	1.9262E-1	6.1100E+2
3.2245E-1	1.9505E-1	5.7700E+2
3.2245E-1	1.9311E-1	3.6000E+1
3.2245E-1	1.9238E-1	4.7900E+2
3.2257E-1	1.9311E-1	3.4100E+2
3.2257E-1	1.9165E-1	9.6700E+2
3.2269E-1	1.9335E-1	7.0000E+1
3.2269E-1	1.9311E-1	2.1500E+2
3.2269E-1	1.9335E-1	1.2850E+3
3.2281E-1	1.9092E-1	5.3300E+2
3.2281E-1	1.9092E-1	4.3900E+2
3.2292E-1	1.9311E-1	3.5800E+2
3.2292E-1	1.9116E-1	5.2900E+2
3.2292E-1	1.9165E-1	-1.1200E+2
3.2304E-1	1.9214E-1	3.0700E+2
3.2304E-1	1.9189E-1	2.8200E+2
3.2316E-1	1.9165E-1	-1.5200E+2
3.2316E-1	1.9092E-1	4.5700E+2
3.2316E-1	1.9165E-1	1.0000E+2
3.2328E-1	1.9068E-1	2.3800E+2
3.2328E-1	1.9141E-1	9.6000E+1
3.2340E-1	1.9116E-1	-1.0600E+2
3.2340E-1	1.9141E-1	4.0000E+1
3.2340E-1	1.9141E-1	2.7400E+2
3.2351E-1	1.9044E-1	6.1100E+2
3.2351E-1	1.9141E-1	5.6900E+2
3.2363E-1	1.9044E-1	-1.8600E+2
3.2363E-1	1.9068E-1	1.1680E+3
3.2363E-1	1.9165E-1	4.4900E+2
3.2375E-1	1.9165E-1	-1.6400E+2
3.2375E-1	1.9116E-1	3.1100E+2
3.2387E-1	1.8971E-1	1.6200E+2
3.2387E-1	1.8922E-1	3.1800E+2
3.2387E-1	1.9044E-1	2.8400E+2
3.2398E-1	1.8995E-1	1.2100E+2
3.2398E-1	1.8898E-1	-2.7000E+2
3.2410E-1	1.9019E-1	4.0700E+2
3.2410E-1	1.9116E-1	1.7700E+2
3.2410E-1	1.9068E-1	1.8400E+2
3.2422E-1	1.9019E-1	-2.3300E+2
3.2422E-1	1.9092E-1	1.3000E+2
3.2434E-1	1.9214E-1	2.2600E+2
3.2434E-1	1.9019E-1	-3.1000E+1
3.2434E-1	1.8898E-1	3.1300E+2
3.2445E-1	1.9044E-1	4.8000E+1
3.2445E-1	1.8946E-1	-2.2900E+2
3.2457E-1	1.9189E-1	3.8400E+2
3.2457E-1	1.8971E-1	-1.6600E+2
3.2469E-1	1.9165E-1	-3.9300E+2
3.2469E-1	1.9262E-1	3.8700E+2
3.2469E-1	1.9068E-1	-1.2100E+2
3.2481E-1	1.9092E-1	-3.5900E+2
3.2481E-1	1.9019E-1	-5.1000E+2
3.2492E-1	1.8995E-1	-3.0700E+2
3.2492E-1	1.9311E-1	-9.7000E+1
3.2492E-1	1.9141E-1	-7.2700E+2
3.2504E-1	1.9092E-1	-7.2000E+1
3.2504E-1	1.9019E-1	-1.1900E+2
3.2504E-1	1.9068E-1	-3.3300E+2
3.2516E-1	1.9092E-1	-6.4500E+2
3.2516E-1	1.9141E-1	6.4000E+1
3.2528E-1	1.9141E-1	1.3600E+2
3.2528E-1	1.9116E-1	-3.8400E+2
3.2528E-1	1.9262E-1	-2.0700E+2
3.2540E-1	1.9116E-1	-1.8800E+2
3.2540E-1	1.9238E-1	-3.5500E+2
3.2551E-1	1.9262E-1	-7.9800E+2
3.2551E-1	1.9481E-1	-2.8700E+2
3.2563E-1	1.9092E-1	-7.0800E+2
3.2563E-1	1.9141E-1	-5.0000E+0
3.2563E-1	1.9335E-1	-7.4700E+2
3.2575E-1	1.9384E-1	-2.6700E+2
3.2575E-1	1.9408E-1	3.7500E+2
3.2587E-1	1.9408E-1	-4.6600E+2
3.2587E-1	1.9335E-1	-3.6700E+2
3.2587E-1	1.9335E-1	-9.3000E+1
3.2598E-1	1.9408E-1	-5.0300E+2
3.2598E-1	1.9116E-1	-2.7600E+2
3.2610E-1	1.9384E-1	-4.1600E+2
3.2610E-1	1.9359E-1	6.3000E+1
3.2610E-1	1.9286E-1	1.0500E+2
3.2622E-1	1.9359E-1	-3.1600E+2
3.2622E-1	1.9359E-1	-7.6600E+2
3.2634E-1	1.9457E-1	2.6900E+2
3.2634E-1	1.9432E-1	2.2500E+2
3.2634E-1	1.9262E-1	2.7000E+1
3.2645E-1	1.9335E-1	4.5200E+2
3.2645E-1	1.9238E-1	3.3000E+2
3.2657E-1	1.9335E-1	5.3000E+1
3.2657E-1	1.9335E-1	-3.8000E+1
3.2657E-1	1.9335E-1	1.3900E+2
3.2669E-1	1.9408E-1	6.6500E+2
3.2669E-1	1.9359E-1	2.4100E+2
3.2681E-1	1.9165E-1	-1.2000E+2
3.2681E-1	1.9359E-1	9.3600E+2
3.2681E-1	1.9359E-1	1.0590E+3
3.2692E-1	1.9092E-1	1.4600E+3
3.2692E-1	1.9068E-1	4.3600E+2
3.2704E-1	1.9311E-1	1.1230E+3
3.2704E-1	1.9238E-1	1.6960E+3
3.2704E-1	1.9044E-1	1.1120E+3
3.2716E-1	1.9068E-1	8.5600E+2
3.2716E-1	1.9116E-1	2.5100E+2
3.2728E-1	1.9165E-1	5.6000E+2
3.2728E-1	1.9141E-1	9.8900E+2
3.2728E-1	1.8922E-1	8.1800E+2
3.2740E-1	1.8898E-1	1.0170E+3
3.2740E-1	1.8849E-1	3.0700E+2
3.2751E-1	1.9044E-1	1.1000E+3
3.2751E-1	1.8776E-1	1.2250E+3
3.2751E-1	1.8752E-1	4.7300E+2
3.2763E-1	1.8703E-1	5.9500E+2
3.2763E-1	1.8728E-1	6.3300E+2
3.2775E-1	1.8752E-1	8.0400E+2
3.2775E-1	1.8752E-1	6.4700E+2
3.2775E-1	1.8679E-1	1.1870E+3
3.2787E-1	1.8703E-1	6.7400E+2
3.2787E-1	1.8582E-1	6.8700E+2
3.2798E-1	1.8606E-1	2.1700E+2
3.2798E-1	1.8606E-1	5.0200E+2
3.2798E-1	1.8801E-1	2.4500E+2
3.2810E-1	1.8509E-1	2.9200E+2
3.2810E-1	1.8606E-1	6.4900E+2
3.2822E-1	1.8655E-1	7.8000E+1
3.2822E-1	1.8485E-1	5.2300E+2
3.2822E-1	1.8582E-1	1.0650E+3
3.2834E-1	1.8533E-1	6.5800E+2
3.2834E-1	1.8582E-1	6.0700E+2
3.2845E-1	1.8679E-1	3.9100E+2
3.2845E-1	1.8679E-1	2.9000E+2
3.2845E-1	1.8679E-1	5.6600E+2
3.2857E-1	1.8363E-1	8.6500E+2
3.2857E-1	1.8606E-1	8.1400E+2
3.2869E-1	1.8606E-1	4.6500E+2
3.2869E-1	1.8606E-1	3.1000E+2
3.2869E-1	1.8533E-1	9.2000E+1
3.2881E-1	1.8436E-1	4.9100E+2
3.2881E-1	1.8388E-1	5.1100E+2
3.2892E-1	1.8485E-1	-1.7000E+2
3.2892E-1	1.8533E-1	4.9600E+2
3.2892E-1	1.8461E-1	2.3900E+2
3.2904E-1	1.8363E-1	3.2900E+2
3.2904E-1	1.8461E-1	4.6600E+2
3.2916E-1	1.8388E-1	4.1400E+2
3.2916E-1	1.8339E-1	8.3000E+1
3.2916E-1	1.8412E-1	4.1000E+1
3.2928E-1	1.8461E-1	1.5100E+2
3.2928E-1	1.8533E-1	-2.6800E+2
3.2940E-1	1.8436E-1	7.1000E+1
3.2940E-1	1.8582E-1	3.2100E+2
3.2940E-1	1.8558E-1	2.7300E+2
3.2951E-1	1.8558E-1	2.7100E+2
3.2951E-1	1.8388E-1	-4.1800E+2
3.2963E-1	1.8436E-1	-3.3100E+2
3.2963E-1	1.8461E-1	6.1300E+2
3.2963E-1	1.8339E-1	-4.2600E+2
3.2975E-1	1.8485E-1	-3.3300E+2
3.2975E-1	1.8533E-1	-4.0500E+2
3.2987E-1	1.8631E-1	3.9400E+2
3.2987E-1	1.8509E-1	2.4000E+2
3.2987E-1	1.8509E-1	-1.3100E+2
3.2998E-1	1.8388E-1	-3.4000E+1
3.2998E-1	1.8558E-1	-5.0100E+2
3.3010E-1	1.8703E-1	-2.6700E+2
3.3010E-1	1.8558E-1	-1.7300E+2
3.3010E-1	1.8339E-1	-3.4400E+2
3.3022E-1	1.8679E-1	-6.7500E+2
3.3022E-1	1.8655E-1	-3.2900E+2
3.3034E-1	1.8776E-1	1.0800E+2
3.3034E-1	1.8703E-1	-2.8500E+2
3.3034E-1	1.8703E-1	-4.4000E+2
3.3045E-1	1.8533E-1	4.0000E+1
3.3045E-1	1.8728E-1	-8.1200E+2
3.3057E-1	1.8873E-1	-1.4000E+2
3.3057E-1	1.8922E-1	-6.8800E+2
3.3057E-1	1.8946E-1	-2.4800E+2
3.3069E-1	1.8801E-1	-3.5900E+2
3.3069E-1	1.8849E-1	-3.4000E+1
3.3081E-1	1.8971E-1	-5.2600E+2
3.3081E-1	1.8898E-1	-9.6300E+2
3.3093E-1	1.8946E-1	-6.0000E+2
3.3093E-1	1.8971E-1	-3.7100E+2
3.3093E-1	1.8971E-1	-1.0230E+3
3.3104E-1	1.9214E-1	-1.0300E+3
3.3104E-1	1.9165E-1	-2.9700E+2
3.3116E-1	1.9408E-1	-7.5500E+2
3.3116E-1	1.9578E-1	-1.3440E+3
3.3116E-1	1.9529E-1	-1.6130E+3
3.3128E-1	1.9505E-1	-1.2630E+3
3.3128E-1	1.9675E-1	-1.2700E+3
3.3140E-1	1.9797E-1	-1.4920E+3
3.3140E-1	1.9651E-1	-1.0830E+3
3.3140E-1	1.9772E-1	-1.0830E+3
3.3151E-1	2.0283E-1	-1.6420E+3
3.3151E-1	1.9748E-1	-1.6880E+3
3.3151E-1	1.9894E-1	-1.0550E+3
3.3163E-1	2.0064E-1	-1.6160E+3
3.3163E-1	2.0283E-1	-1.5220E+3
3.3175E-1	2.0283E-1	-1.9920E+3
3.3175E-1	2.0404E-1	-1.1530E+3
3.3187E-1	2.0525E-1	-1.6740E+3
3.3187E-1	2.0525E-1	-1.7290E+3
3.3187E-1	2.0574E-1	-1.7540E+3
3.3198E-1	2.0768E-1	-1.5170E+3
3.3198E-1	2.0793E-1	-1.3400E+3
3.3210E-1	2.0720E-1	-9.7100E+2
3.3210E-1	2.0793E-1	-1.3150E+3
3.3210E-1	2.0671E-1	-6.7000E+2
3.3222E-1	2.0817E-1	-1.0980E+3
3.3222E-1	2.0744E-1	-7.0800E+2
3.3234E-1	2.1084E-1	-3.0900E+2
3.3234E-1	2.1084E-1	-6.7800E+2
3.3234E-1	2.1060E-1	-1.1490E+3
3.3245E-1	2.0963E-1	-6.1800E+2
3.3245E-1	2.0963E-1	-4.2600E+2
3.3257E-1	2.1133E-1	-1.8000E+1
3.3257E-1	2.1011E-1	1.9700E+2
3.3257E-1	2.1181E-1	-8.7000E+1
3.3269E-1	2.1060E-1	2.9700E+2
3.3269E-1	2.1230E-1	1.3500E+2
3.3281E-1	2.0938E-1	7.7000E+1
3.3281E-1	2.0987E-1	7.6000E+1
3.3281E-1	2.1060E-1	9.9700E+2
3.3293E-1	2.0938E-1	1.0600E+3
3.3293E-1	2.0890E-1	1.3330E+3
3.3304E-1	2.0744E-1	1.4120E+3
3.3304E-1	2.0501E-1	1.8540E+3
3.3304E-1	2.0283E-1	1.6030E+3
3.3316E-1	2.0234E-1	1.4680E+3
3.3316E-1	2.0137E-1	1.7490E+3
3.3328E-1	2.0331E-1	1.3260E+3
3.3328E-1	2.0210E-1	1.5320E+3
3.3328E-1	1.9748E-1	1.9150E+3
3.3340E-1	1.9627E-1	1.7870E+3
3.3340E-1	1.9748E-1	1.4990E+3
3.3351E-1	1.9797E-1	1.5230E+3
3.3351E-1	1.9651E-1	1.7840E+3
3.3351E-1	1.9505E-1	1.6450E+3
3.3363E-1	1.9432E-1	1.8000E+3
3.3363E-1	1.9286E-1	1.6040E+3
3.3375E-1	1.9238E-1	1.5370E+3
3.3375E-1	1.9189E-1	1.1220E+3
3.3375E-1	1.9019E-1	1.1920E+3
3.3387E-1	1.9019E-1	8.5800E+2
3.3387E-1	1.9044E-1	1.2510E+3
3.3398E-1	1.9165E-1	1.2080E+3
3.3398E-1	1.9068E-1	9.6400E+2
3.3398E-1	1.8995E-1	8.9400E+2
3.3410E-1	1.8849E-1	1.1200E+3
3.3410E-1	1.8971E-1	1.2080E+3
3.3422E-1	1.9019E-1	1.3820E+3
3.3422E-1	1.8849E-1	8.6000E+2
3.3422E-1	1.8873E-1	9.1600E+2
3.3434E-1	1.8582E-1	1.0380E+3
3.3434E-1	1.8388E-1	1.0630E+3
3.3445E-1	1.8655E-1	1.1590E+3
3.3445E-1	1.8582E-1	8.6900E+2
3.3445E-1	1.8485E-1	7.2600E+2
3.3457E-1	1.8461E-1	3.0800E+2
3.3457E-1	1.8436E-1	2.1600E+2
3.3469E-1	1.8388E-1	8.3900E+2
3.3469E-1	1.8388E-1	5.8400E+2
3.3469E-1	1.8388E-1	1.8400E+2
3.3481E-1	1.8266E-1	3.7800E+2
3.3481E-1	1.8169E-1	4.3100E+2
3.3493E-1	1.8388E-1	5.2100E+2
3.3493E-1	1.8339E-1	4.7700E+2
3.3493E-1	1.8169E-1	1.9400E+2
3.3504E-1	1.8266E-1	3.9600E+2
3.3504E-1	1.8242E-1	2.4900E+2
3.3516E-1	1.8169E-1	1.5300E+2
3.3516E-1	1.8193E-1	3.9400E+2
3.3516E-1	1.8193E-1	-1.0300E+2
3.3528E-1	1.8242E-1	1.2300E+2
3.3528E-1	1.7902E-1	1.6700E+2
3.3540E-1	1.8048E-1	3.4400E+2
3.3540E-1	1.8096E-1	6.4000E+2
3.3540E-1	1.7999E-1	1.0200E+2
3.3551E-1	1.8048E-1	-4.3000E+1
3.3551E-1	1.7975E-1	-1.0000E+0
3.3563E-1	1.8023E-1	1.0000E+1
3.3563E-1	1.8120E-1	3.2100E+2
3.3563E-1	1.8120E-1	-3.7400E+2
3.3575E-1	1.8169E-1	4.0900E+2
3.3575E-1	1.8096E-1	4.6300E+2
3.3587E-1	1.7999E-1	4.0000E+2
3.3587E-1	1.8048E-1	4.9000E+1
3.3587E-1	1.7975E-1	3.9500E+2
3.3598E-1	1.8072E-1	2.1900E+2
3.3598E-1	1.8072E-1	3.7600E+2
3.3610E-1	1.8072E-1	2.5300E+2
3.3610E-1	1.8023E-1	7.6300E+2
3.3610E-1	1.8096E-1	7.7200E+2
3.3622E-1	1.7950E-1	8.4000E+1
3.3622E-1	1.7975E-1	-2.7100E+2
3.3634E-1	1.7999E-1	-1.8900E+2
3.3634E-1	1.8145E-1	-3.2000E+2
3.3634E-1	1.8169E-1	-4.2000E+1
3.3645E-1	1.8242E-1	-3.6900E+2
3.3645E-1	1.8145E-1	-2.0300E+2
3.3657E-1	1.8072E-1	6.6000E+1
3.3657E-1	1.8145E-1	-7.2600E+2
3.3657E-1	1.8169E-1	9.1000E+1
3.3669E-1	1.8242E-1	-4.9700E+2
3.3669E-1	1.8339E-1	-7.9200E+2
3.3681E-1	1.8193E-1	-4.1400E+2
3.3681E-1	1.8193E-1	-1.3900E+2
3.3681E-1	1.8388E-1	-1.9200E+2
3.3693E-1	1.8290E-1	-9.1700E+2
3.3693E-1	1.8388E-1	-7.9400E+2
3.3704E-1	1.8558E-1	-2.0700E+2
3.3704E-1	1.8363E-1	-1.0810E+3
3.3716E-1	1.8315E-1	-7.6700E+2
3.3716E-1	1.8655E-1	-1.3100E+2
3.3716E-1	1.8849E-1	-1.5620E+3
3.3728E-1	1.8752E-1	-4.6000E+2
3.3728E-1	1.8776E-1	-1.1140E+3
3.3740E-1	1.8679E-1	-1.0880E+3
3.3740E-1	1.8679E-1	-1.3600E+3
3.3740E-1	1.8849E-1	-1.0660E+3
3.3751E-1	1.8995E-1	-1.0170E+3
3.3751E-1	1.8898E-1	-1.1510E+3
3.3763E-1	1.8946E-1	-1.9200E+3
3.3763E-1	1.8946E-1	-1.7680E+3
3.3763E-1	1.9068E-1	-1.0050E+3
3.3775E-1	1.9141E-1	-1.6810E+3
3.3775E-1	1.9141E-1	-1.5520E+3
3.3787E-1	1.8922E-1	-1.5620E+3
3.3787E-1	1.9189E-1	-1.3430E+3
3.3787E-1	1.9262E-1	-1.1180E+3
3.3798E-1	1.9699E-1	-2.4160E+3
3.3798E-1	1.9554E-1	-1.4980E+3
3.3810E-1	1.9481E-1	-7.4500E+2
3.3810E-1	1.9724E-1	-1.2230E+3
3.3810E-1	2.0015E-1	-1.9900E+3
3.3822E-1	2.0161E-1	-1.9580E+3
3.3822E-1	1.9991E-1	-2.2960E+3
3.3834E-1	1.9942E-1	-1.6570E+3
3.3834E-1	2.0283E-1	-2.6720E+3
3.3834E-1	2.0598E-1	-2.7880E+3
3.3846E-1	2.1036E-1	-2.7790E+3
3.3846E-1	2.0695E-1	-2.5120E+3
3.3857E-1	2.0671E-1	-2.6490E+3
3.3857E-1	2.0963E-1	-3.0900E+3
3.3857E-1	2.1133E-1	-2.9550E+3
3.3869E-1	2.1692E-1	-2.2310E+3
3.3869E-1	2.1570E-1	-2.0360E+3
3.3881E-1	2.1862E-1	-2.3970E+3
3.3881E-1	2.2105E-1	-1.9220E+3
3.3881E-1	2.1789E-1	-2.4640E+3
3.3893E-1	2.2202E-1	-2.0540E+3
3.3893E-1	2.2250E-1	-2.0290E+3
3.3904E-1	2.2445E-1	-2.3180E+3
3.3904E-1	2.2688E-1	-1.3350E+3
3.3904E-1	2.2493E-1	-1.5640E+3
3.3916E-1	2.2688E-1	-1.9040E+3
3.3916E-1	2.2785E-1	-1.7080E+3
3.3928E-1	2.2930E-1	-1.5300E+3
3.3928E-1	2.2955E-1	-1.4690E+3
3.3928E-1	2.3125E-1	1.3700E+2
3.3940E-1	2.2858E-1	-3.0700E+2
3.3940E-1	2.2809E-1	-6.7000E+1
3.3951E-1	2.2955E-1	-6.9000E+1
3.3951E-1	2.2858E-1	-1.5200E+2
3.3951E-1	2.2882E-1	2.3300E+2
3.3963E-1	2.2833E-1	5.5700E+2
3.3963E-1	2.2979E-1	1.2070E+3
3.3975E-1	2.2906E-1	3.8200E+2
3.3975E-1	2.2785E-1	5.2100E+2
3.3975E-1	2.2833E-1	7.1800E+2
3.3987E-1	2.2809E-1	1.1900E+3
3.3987E-1	2.2542E-1	1.9150E+3
3.3998E-1	2.2566E-1	1.8140E+3
3.3998E-1	2.2323E-1	2.0780E+3
3.3998E-1	2.2420E-1	1.5630E+3
3.4010E-1	2.2396E-1	1.6830E+3
3.4010E-1	2.2032E-1	2.8750E+3
3.4022E-1	2.1764E-1	3.0890E+3
3.4022E-1	2.1862E-1	3.1090E+3
3.4022E-1	2.1837E-1	1.9430E+3
3.4034E-1	2.1934E-1	2.2790E+3
3.4034E-1	2.1327E-1	2.3200E+3
3.4046E-1	2.1011E-1	2.9040E+3
3.4046E-1	2.0768E-1	2.8680E+3
3.4046E-1	2.0404E-1	2.4520E+3
3.4057E-1	2.0258E-1	2.8900E+3
3.4057E-1	2.0112E-1	2.9250E+3
3.4069E-1	2.0185E-1	2.4540E+3
3.4069E-1	1.9821E-1	2.0860E+3
3.4069E-1	1.9529E-1	2.6140E+3
3.4081E-1	1.9602E-1	1.7660E+3
3.4081E-1	1.9651E-1	2.1510E+3
3.4093E-1	1.9359E-1	1.9260E+3
3.4093E-1	1.9359E-1	1.5360E+3
3.4093E-1	1.9238E-1	1.7720E+3
3.4104E-1	1.9165E-1	2.5060E+3
3.4104E-1	1.8995E-1	1.6790E+3
3.4116E-1	1.9116E-1	1.4080E+3
3.4116E-1	1.8825E-1	2.0040E+3
3.4116E-1	1.8582E-1	1.2320E+3
3.4128E-1	1.8558E-1	1.4040E+3
3.4128E-1	1.8533E-1	1.5780E+3
3.4140E-1	1.8533E-1	1.4690E+3
3.4140E-1	1.8485E-1	1.2800E+3
3.4140E-1	1.8509E-1	1.5090E+3
3.4151E-1	1.8485E-1	1.4900E+3
3.4151E-1	1.8290E-1	6.0700E+2
3.4163E-1	1.8072E-1	1.3080E+3
3.4163E-1	1.8169E-1	1.7020E+3
3.4163E-1	1.8120E-1	1.1450E+3
3.4175E-1	1.8169E-1	1.2100E+3
3.4175E-1	1.7999E-1	1.0470E+3
3.4187E-1	1.7756E-1	5.8300E+2
3.4187E-1	1.7829E-1	1.7780E+3
3.4187E-1	1.7586E-1	5.4200E+2
3.4198E-1	1.7610E-1	3.1300E+2
3.4198E-1	1.7732E-1	9.6200E+2
3.4210E-1	1.7659E-1	7.6400E+2
3.4210E-1	1.7489E-1	7.8100E+2
3.4210E-1	1.7635E-1	4.3000E+2
3.4222E-1	1.7513E-1	6.2200E+2
3.4222E-1	1.7562E-1	2.8100E+2
3.4234E-1	1.7416E-1	1.2040E+3
3.4234E-1	1.7562E-1	3.6600E+2
3.4234E-1	1.7464E-1	1.3440E+3
3.4246E-1	1.7464E-1	4.8000E+2
3.4246E-1	1.7294E-1	6.7500E+2
3.4257E-1	1.7270E-1	8.9900E+2
3.4257E-1	1.7222E-1	-1.2300E+2
3.4257E-1	1.7270E-1	3.1600E+2
3.4269E-1	1.7294E-1	6.5200E+2
3.4269E-1	1.7076E-1	5.1000E+1
3.4281E-1	1.6979E-1	4.4300E+2
3.4281E-1	1.7124E-1	4.1300E+2
3.4281E-1	1.7003E-1	4.0300E+2
3.4293E-1	1.6906E-1	2.5200E+2
3.4293E-1	1.7124E-1	3.8900E+2
3.4304E-1	1.7003E-1	3.2300E+2
3.4304E-1	1.7076E-1	2.6200E+2
3.4304E-1	1.6954E-1	-2.5800E+2
3.4316E-1	1.7003E-1	6.2000E+1
3.4316E-1	1.6954E-1	2.9100E+2
3.4328E-1	1.7027E-1	1.7000E+2
3.4328E-1	1.7003E-1	5.2200E+2
3.4340E-1	1.6881E-1	5.8100E+2
3.4340E-1	1.6930E-1	-9.2000E+1
3.4340E-1	1.6906E-1	-4.7000E+1
3.4351E-1	1.6809E-1	1.1700E+2
3.4351E-1	1.6979E-1	5.1000E+1
3.4363E-1	1.6833E-1	6.7900E+2
3.4363E-1	1.6930E-1	3.2900E+2
3.4363E-1	1.6687E-1	2.7100E+2
3.4375E-1	1.6736E-1	-1.5000E+2
3.4375E-1	1.6784E-1	5.2300E+2
3.4387E-1	1.6809E-1	5.4500E+2
3.4387E-1	1.6833E-1	-9.6000E+1
3.4387E-1	1.6833E-1	5.0100E+2
3.4398E-1	1.6784E-1	-1.3600E+2
3.4398E-1	1.6784E-1	8.3000E+1
3.4410E-1	1.6711E-1	2.5100E+2
3.4410E-1	1.6663E-1	-5.2400E+2
3.4410E-1	1.6833E-1	6.3100E+2
3.4422E-1	1.6566E-1	-7.7000E+1
3.4422E-1	1.6590E-1	1.3700E+2
3.4434E-1	1.6468E-1	5.5000E+1
3.4434E-1	1.6687E-1	3.9300E+2
3.4434E-1	1.6711E-1	-1.5800E+2
3.4446E-1	1.6639E-1	-5.7000E+1
3.4446E-1	1.6639E-1	-7.4000E+1
3.4457E-1	1.6711E-1	-2.2400E+2
3.4457E-1	1.6396E-1	2.5900E+2
3.4457E-1	1.6566E-1	-2.9400E+2
3.4469E-1	1.6590E-1	-1.4000E+2
3.4469E-1	1.6493E-1	-1.1300E+2
3.4481E-1	1.6614E-1	6.9900E+2
3.4481E-1	1.6736E-1	4.5700E+2
3.4481E-1	1.6566E-1	-1.6600E+2
3.4493E-1	1.6614E-1	9.9000E+1
3.4493E-1	1.6468E-1	-3.7200E+2
3.4504E-1	1.6566E-1	1.0750E+3
3.4504E-1	1.6566E-1	-9.0000E+1
3.4504E-1	1.6493E-1	8.3000E+1
3.4516E-1	1.6517E-1	-1.8000E+2
3.4516E-1	1.6517E-1	1.1300E+2
3.4528E-1	1.6590E-1	-2.2300E+2
3.4528E-1	1.6639E-1	-5.4900E+2
3.4528E-1	1.6590E-1	6.4000E+1
3.4540E-1	1.6566E-1	6.4700E+2
3.4540E-1	1.6396E-1	9.2000E+1
3.4551E-1	1.6420E-1	-9.3000E+1
3.4551E-1	1.6517E-1	-3.3200E+2
3.4551E-1	1.6468E-1	-2.9100E+2
3.4563E-1	1.6420E-1	-3.1000E+1
3.4563E-1	1.6566E-1	6.0100E+2
3.4575E-1	1.6371E-1	7.0000E+0
3.4575E-1	1.6298E-1	6.8800E+2
3.4575E-1	1.6541E-1	3.4300E+2
3.4587E-1	1.6274E-1	-4.6300E+2
3.4587E-1	1.6396E-1	7.2000E+2
3.4599E-1	1.6274E-1	2.7300E+2
3.4599E-1	1.6468E-1	3.3200E+2
3.4599E-1	1.6420E-1	-2.4200E+2
3.4610E-1	1.6396E-1	8.2000E+1
3.4610E-1	1.6274E-1	3.4000E+1
3.4622E-1	1.6371E-1	1.9200E+2
3.4622E-1	1.6371E-1	5.3300E+2
3.4622E-1	1.6274E-1	1.7000E+1
3.4634E-1	1.6493E-1	-2.8000E+1
3.4634E-1	1.6323E-1	7.3000E+1
3.4646E-1	1.6250E-1	2.0000E+0
3.4646E-1	1.6323E-1	1.6500E+2
3.4646E-1	1.6371E-1	6.7000E+1
3.4657E-1	1.6274E-1	1.2000E+1
3.4657E-1	1.6250E-1	-3.2000E+2
3.4669E-1	1.6347E-1	-2.3300E+2
3.4669E-1	1.6250E-1	-3.8100E+2
3.4669E-1	1.6250E-1	-5.3000E+1
3.4681E-1	1.6396E-1	8.6000E+1
3.4681E-1	1.6323E-1	1.8000E+2
3.4693E-1	1.6250E-1	3.7200E+2
3.4693E-1	1.6347E-1	1.5400E+2
3.4693E-1	1.6177E-1	-2.8700E+2
3.4704E-1	1.6250E-1	4.1000E+1
3.4704E-1	1.6250E-1	-1.7500E+2
3.4716E-1	1.6323E-1	1.3600E+2
3.4716E-1	1.6250E-1	-1.2900E+2
3.4716E-1	1.6396E-1	1.7300E+2
3.4728E-1	1.6371E-1	4.5900E+2
3.4728E-1	1.6201E-1	3.9300E+2
3.4740E-1	1.6274E-1	-3.2100E+2
3.4740E-1	1.6153E-1	1.4000E+2
3.4740E-1	1.6153E-1	-2.6300E+2
3.4751E-1	1.6250E-1	-1.1800E+2
3.4751E-1	1.6371E-1	2.2400E+2
3.4763E-1	1.6274E-1	-1.2000E+2
3.4763E-1	1.6201E-1	-2.0000E+1
3.4763E-1	1.6128E-1	-7.5300E+2
3.4775E-1	1.6347E-1	1.9100E+2
3.4775E-1	1.6323E-1	-5.7100E+2
3.4787E-1	1.6153E-1	6.3300E+2
3.4787E-1	1.6153E-1	-1.9300E+2
3.4787E-1	1.6177E-1	-3.9000E+1
3.4799E-1	1.6250E-1	-2.3600E+2
3.4799E-1	1.6250E-1	-1.0200E+2
3.4810E-1	1.6201E-1	-7.2000E+1
3.4810E-1	1.6201E-1	-2.3000E+2
3.4810E-1	1.6250E-1	-2.7700E+2
3.4822E-1	1.6420E-1	-2.1300E+2
3.4822E-1	1.6153E-1	-2.3800E+2
3.4834E-1	1.6371E-1	-5.7600E+2
3.4834E-1	1.6128E-1	-7.2000E+1
3.4834E-1	1.6153E-1	1.7500E+2
3.4846E-1	1.6201E-1	3.0700E+2
3.4846E-1	1.6298E-1	-5.3200E+2
3.4857E-1	1.6347E-1	-1.9000E+1
3.4857E-1	1.6201E-1	-3.3600E+2
3.4857E-1	1.6226E-1	8.3000E+1
3.4869E-1	1.6250E-1	6.2000E+1
3.4869E-1	1.6055E-1	3.6900E+2
3.4881E-1	1.6298E-1	2.5300E+2
3.4881E-1	1.6226E-1	2.0300E+2
3.4881E-1	1.6055E-1	-4.2000E+1
3.4893E-1	1.6226E-1	3.4800E+2
3.4893E-1	1.6274E-1	-5.0000E+2
3.4904E-1	1.6226E-1	3.0000E+0
3.4904E-1	1.6080E-1	-5.6700E+2
3.4904E-1	1.6177E-1	3.6700E+2
3.4916E-1	1.6128E-1	3.2000E+1
3.4916E-1	1.6250E-1	-1.2400E+2
3.4928E-1	1.6226E-1	-1.8100E+2
3.4928E-1	1.6007E-1	-4.7300E+2
3.4928E-1	1.6153E-1	4.5000E+1
3.4940E-1	1.6274E-1	2.9300E+2
3.4940E-1	1.6274E-1	-5.4600E+2
3.4951E-1	1.6274E-1	-1.2600E+2
3.4951E-1	1.6274E-1	-1.8200E+2
3.4951E-1	1.6323E-1	9.4000E+1
3.4963E-1	1.6104E-1	-2.2400E+2
3.4963E-1	1.6250E-1	-3.5800E+2
3.4975E-1	1.6226E-1	-3.0900E+2
3.4975E-1	1.6274E-1	2.7900E+2
3.4987E-1	1.5983E-1	-2.0700E+2
3.4987E-1	1.6250E-1	2.9000E+1
3.4987E-1	1.6298E-1	-2.6100E+2
3.4999E-1	1.6226E-1	2.4100E+2
3.4999E-1	1.6201E-1	1.6800E+2
3.5010E-1	1.6274E-1	-5.7600E+2
3.5010E-1	1.6226E-1	-1.4400E+2
3.5010E-1	1.6274E-1	-1.5300E+2
3.5022E-1	1.6298E-1	4.4000E+1
3.5022E-1	1.6274E-1	2.4500E+2
3.5034E-1	1.6298E-1	-5.5400E+2
3.5034E-1	1.6274E-1	3.4000E+1
3.5034E-1	1.6201E-1	-6.8200E+2
3.5046E-1	1.6371E-1	-6.7400E+2
3.5046E-1	1.6226E-1	-1.2140E+3
3.5057E-1	1.6226E-1	6.2000E+1
3.5057E-1	1.6201E-1	-3.2000E+2
3.5057E-1	1.6396E-1	-1.8500E+2
3.5069E-1	1.6274E-1	-4.2500E+2
3.5069E-1	1.6104E-1	-3.4700E+2
3.5081E-1	1.6274E-1	-4.4300E+2
3.5081E-1	1.6226E-1	-2.5200E+2
3.5081E-1	1.6226E-1	-3.4500E+2
3.5093E-1	1.6201E-1	-1.4450E+3
3.5093E-1	1.6493E-1	-7.4100E+2
3.5104E-1	1.6323E-1	-6.6200E+2
3.5104E-1	1.6444E-1	-8.9000E+2
3.5104E-1	1.6323E-1	-3.6600E+2
3.5116E-1	1.6493E-1	-5.7000E+1
3.5116E-1	1.6347E-1	-4.8000E+2
3.5128E-1	1.6250E-1	-2.4500E+2
3.5128E-1	1.6396E-1	-9.2700E+2
3.5128E-1	1.6347E-1	-3.4700E+2
3.5140E-1	1.6420E-1	-5.5900E+2
3.5140E-1	1.6396E-1	-7.3300E+2
3.5151E-1	1.6444E-1	-3.1600E+2
3.5151E-1	1.6444E-1	-8.9700E+2
3.5151E-1	1.6444E-1	-1.4700E+2
3.5163E-1	1.6517E-1	-2.2200E+2
3.5163E-1	1.6614E-1	-7.8100E+2
3.5175E-1	1.6541E-1	-1.4600E+2
3.5175E-1	1.6711E-1	-1.4720E+3
3.5175E-1	1.6639E-1	-7.9100E+2
3.5187E-1	1.6663E-1	-1.5840E+3
3.5187E-1	1.6663E-1	-7.0600E+2
3.5199E-1	1.6736E-1	-8.0000E+2
3.5199E-1	1.6614E-1	-8.9000E+2
3.5199E-1	1.6590E-1	-5.3800E+2
3.5210E-1	1.6760E-1	-2.5900E+2
3.5210E-1	1.6760E-1	-4.4300E+2
3.5222E-1	1.6784E-1	-1.2990E+3
3.5222E-1	1.6881E-1	-1.0220E+3
3.5222E-1	1.6809E-1	-2.3200E+2
3.5234E-1	1.6979E-1	-1.8500E+2
3.5234E-1	1.6833E-1	-1.5250E+3
3.5246E-1	1.6857E-1	-9.2200E+2
3.5246E-1	1.6906E-1	-6.3200E+2
3.5246E-1	1.6833E-1	-6.9000E+2
3.5257E-1	1.6809E-1	8.8000E+1
3.5257E-1	1.6979E-1	-4.7300E+2
3.5269E-1	1.6930E-1	-1.0700E+2
3.5269E-1	1.6881E-1	-3.2600E+2
3.5269E-1	1.6906E-1	2.9700E+2
3.5281E-1	1.6930E-1	-1.0340E+3
3.5281E-1	1.6784E-1	2.3000E+1
3.5293E-1	1.6930E-1	-4.4800E+2
3.5293E-1	1.6784E-1	-6.3000E+1
3.5293E-1	1.6881E-1	-3.1400E+2
3.5304E-1	1.6857E-1	5.7600E+2
3.5304E-1	1.6833E-1	-3.6200E+2
3.5316E-1	1.6760E-1	3.1600E+2
3.5316E-1	1.6906E-1	9.4000E+1
3.5316E-1	1.6954E-1	3.2900E+2
3.5328E-1	1.6930E-1	3.0700E+2
3.5328E-1	1.6784E-1	7.8600E+2
3.5340E-1	1.6736E-1	8.2700E+2
3.5340E-1	1.6930E-1	6.6400E+2
3.5340E-1	1.6881E-1	1.1500E+2
3.5351E-1	1.6760E-1	3.2800E+2
3.5351E-1	1.6906E-1	8.2900E+2
3.5363E-1	1.6857E-1	4.4200E+2
3.5363E-1	1.6857E-1	3.7000E+2
3.5363E-1	1.6736E-1	8.5900E+2
3.5375E-1	1.6736E-1	6.2200E+2
3.5375E-1	1.6736E-1	2.8600E+2
3.5387E-1	1.6687E-1	2.5100E+2
3.5387E-1	1.6639E-1	-1.3800E+2
3.5387E-1	1.6639E-1	-2.8100E+2
3.5399E-1	1.6663E-1	3.0300E+2
3.5399E-1	1.6614E-1	-8.2000E+1
3.5410E-1	1.6711E-1	4.3500E+2
3.5410E-1	1.6517E-1	1.9400E+2
3.5410E-1	1.6590E-1	9.0000E+0
3.5422E-1	1.6396E-1	2.6300E+2
3.5422E-1	1.6517E-1	-5.1300E+2
3.5434E-1	1.6493E-1	-2.3100E+2
3.5434E-1	1.6541E-1	3.5100E+2
3.5434E-1	1.6566E-1	-2.6000E+1
3.5446E-1	1.6517E-1	-5.0900E+2
3.5446E-1	1.6517E-1	-8.2000E+1
3.5457E-1	1.6639E-1	2.7900E+2
3.5457E-1	1.6420E-1	-1.2800E+2
3.5457E-1	1.6420E-1	4.5700E+2
3.5469E-1	1.6298E-1	5.3200E+2
3.5469E-1	1.6323E-1	1.2400E+2
3.5481E-1	1.6420E-1	-4.1000E+1
3.5481E-1	1.6250E-1	-7.0000E+1
3.5481E-1	1.6517E-1	-2.2200E+2
3.5493E-1	1.6444E-1	-3.4400E+2
3.5493E-1	1.6493E-1	9.2000E+1
3.5504E-1	1.6566E-1	-2.6000E+1
3.5504E-1	1.6371E-1	1.7100E+2
3.5504E-1	1.6493E-1	-2.7100E+2
3.5516E-1	1.6371E-1	7.0000E+1
3.5516E-1	1.6493E-1	-3.6000E+1
3.5528E-1	1.6566E-1	1.0300E+2
3.5528E-1	1.6566E-1	2.7000E+2
3.5528E-1	1.6468E-1	-3.1900E+2
3.5540E-1	1.6396E-1	4.1900E+2
3.5540E-1	1.6468E-1	-3.7300E+2
3.5552E-1	1.6420E-1	-1.1000E+1
3.5552E-1	1.6323E-1	1.8200E+2
3.5552E-1	1.6493E-1	-3.3000E+2
3.5563E-1	1.6468E-1	1.3000E+2
3.5563E-1	1.6396E-1	-3.5000E+2
3.5575E-1	1.6420E-1	-1.1800E+2
3.5575E-1	1.6468E-1	-4.6000E+1
3.5575E-1	1.6371E-1	-1.3100E+2
3.5587E-1	1.6396E-1	-3.8000E+1
3.5587E-1	1.6347E-1	-3.9000E+1
3.5599E-1	1.6444E-1	-1.2400E+2
3.5599E-1	1.6420E-1	-3.3000E+1
3.5610E-1	1.6444E-1	-5.7000E+2
3.5610E-1	1.6566E-1	5.9600E+2
3.5610E-1	1.6590E-1	1.8100E+2
3.5622E-1	1.6396E-1	-8.5300E+2
3.5622E-1	1.6226E-1	1.4000E+1
3.5634E-1	1.6347E-1	4.0000E+1
3.5634E-1	1.6517E-1	-7.3400E+2
3.5634E-1	1.6493E-1	-1.8800E+2
3.5646E-1	1.6590E-1	1.3700E+2
3.5646E-1	1.6347E-1	6.5600E+2
3.5657E-1	1.6468E-1	-7.1600E+2
3.5657E-1	1.6396E-1	1.3000E+2
3.5657E-1	1.6420E-1	-8.4000E+1
3.5669E-1	1.6493E-1	-6.0900E+2
3.5669E-1	1.6493E-1	1.4000E+1
3.5681E-1	1.6444E-1	-1.0000E+1
3.5681E-1	1.6590E-1	5.3000E+1
3.5681E-1	1.6541E-1	3.8700E+2
3.5693E-1	1.6396E-1	-1.6900E+2
3.5693E-1	1.6541E-1	-3.4300E+2
3.5704E-1	1.6444E-1	-2.3100E+2
3.5704E-1	1.6250E-1	-2.7000E+1
3.5704E-1	1.6541E-1	5.0000E+0
3.5716E-1	1.6541E-1	-3.0500E+2
3.5716E-1	1.6468E-1	-2.7500E+2
3.5728E-1	1.6541E-1	1.3900E+2
3.5728E-1	1.6517E-1	4.6300E+2
3.5728E-1	1.6566E-1	-7.0000E+1
3.5740E-1	1.6590E-1	-3.1800E+2
3.5740E-1	1.6444E-1	-3.2000E+1
3.5752E-1	1.6517E-1	-2.0400E+2
3.5752E-1	1.6444E-1	-9.9000E+1
3.5752E-1	1.6663E-1	5.2200E+2
3.5763E-1	1.6614E-1	-2.4400E+2
3.5763E-1	1.6614E-1	1.6000E+1
3.5775E-1	1.6468E-1	1.8800E+2
3.5775E-1	1.6566E-1	-1.3700E+2
3.5775E-1	1.6517E-1	-7.7000E+1
3.5787E-1	1.6566E-1	-4.1600E+2
3.5787E-1	1.6468E-1	-2.2300E+2
3.5799E-1	1.6444E-1	-1.7100E+2
3.5799E-1	1.6468E-1	-3.9700E+2
3.5799E-1	1.6711E-1	-7.5000E+1
3.5810E-1	1.6566E-1	-2.4700E+2
3.5810E-1	1.6614E-1	-1.6900E+2
3.5822E-1	1.6517E-1	3.8300E+2
3.5822E-1	1.6566E-1	-2.0600E+2
3.5822E-1	1.6639E-1	-2.3000E+1
3.5834E-1	1.6687E-1	-2.7800E+2
3.5834E-1	1.6541E-1	-4.3000E+2
3.5846E-1	1.6687E-1	-5.1900E+2
3.5846E-1	1.6687E-1	-4.1000E+1
3.5846E-1	1.6711E-1	-1.0370E+3
3.5857E-1	1.6590E-1	1.8700E+2
3.5857E-1	1.6711E-1	-3.5000E+2
3.5869E-1	1.6639E-1	-4.9600E+2
3.5869E-1	1.6420E-1	-1.7200E+2
3.5869E-1	1.6639E-1	-5.3000E+1
3.5881E-1	1.6493E-1	1.9000E+2
3.5881E-1	1.6566E-1	-4.5400E+2
3.5893E-1	1.6687E-1	-2.4900E+2
3.5893E-1	1.6639E-1	-6.0000E+1
3.5893E-1	1.6614E-1	-3.5400E+2
3.5904E-1	1.6784E-1	-1.9500E+2
3.5904E-1	1.6663E-1	-3.8700E+2
3.5916E-1	1.6687E-1	1.1100E+2
3.5916E-1	1.6590E-1	-6.5300E+2
