Aux out [V]	Aux in [V]	PDH out [a.u.]
7.1259E-2	4.9434E-1	1.0200E+2
7.1376E-2	4.9483E-1	5.1000E+2
7.1376E-2	4.9459E-1	1.1600E+2
7.1494E-2	4.9386E-1	3.4000E+1
7.1612E-2	4.9410E-1	-1.4900E+2
7.1729E-2	4.9313E-1	2.6900E+2
7.1729E-2	4.9386E-1	2.0900E+2
7.1847E-2	4.9192E-1	-8.0000E+0
7.1965E-2	4.9240E-1	-2.1800E+2
7.2082E-2	4.9216E-1	3.6800E+2
7.2082E-2	4.9410E-1	-1.0200E+2
7.2200E-2	4.9192E-1	1.8000E+2
7.2317E-2	4.9337E-1	1.3300E+2
7.2435E-2	4.9386E-1	-1.4700E+2
7.2435E-2	4.9240E-1	5.1100E+2
7.2553E-2	4.9240E-1	-5.4100E+2
7.2670E-2	4.9216E-1	6.5800E+2
7.2788E-2	4.9192E-1	-9.1000E+1
7.2788E-2	4.9143E-1	8.3400E+2
7.2906E-2	4.9289E-1	-5.5200E+2
7.3023E-2	4.9362E-1	8.3000E+1
7.3141E-2	4.9289E-1	-5.0100E+2
7.3259E-2	4.9240E-1	4.3100E+2
7.3259E-2	4.9167E-1	5.5000E+2
7.3376E-2	4.9119E-1	-1.5300E+2
7.3494E-2	4.9143E-1	-1.3600E+2
7.3612E-2	4.9192E-1	-2.6000E+2
7.3612E-2	4.9216E-1	5.2900E+2
7.3729E-2	4.9046E-1	-2.2000E+1
7.3847E-2	4.9070E-1	3.3500E+2
7.3965E-2	4.9143E-1	6.4800E+2
7.3965E-2	4.9070E-1	8.8000E+1
7.4082E-2	4.9046E-1	-1.8300E+2
7.4200E-2	4.9046E-1	-1.5900E+2
7.4318E-2	4.9143E-1	5.9000E+1
7.4318E-2	4.9021E-1	-2.8100E+2
7.4435E-2	4.9070E-1	-3.7800E+2
7.4553E-2	4.9021E-1	-4.7800E+2
7.4671E-2	4.8924E-1	-3.2600E+2
7.4671E-2	4.8949E-1	2.3100E+2
7.4788E-2	4.8851E-1	-3.0000E+1
7.4906E-2	4.8803E-1	-3.8100E+2
7.5024E-2	4.8949E-1	2.9300E+2
7.5141E-2	4.8997E-1	4.3400E+2
7.5141E-2	4.8851E-1	3.9000E+1
7.5259E-2	4.8900E-1	5.1400E+2
7.5377E-2	4.8924E-1	3.5400E+2
7.5494E-2	4.8851E-1	-4.2000E+2
7.5494E-2	4.9046E-1	-3.3600E+2
7.5612E-2	4.8949E-1	-4.7900E+2
7.5730E-2	4.8803E-1	-3.4000E+1
7.5847E-2	4.8900E-1	2.0300E+2
7.5847E-2	4.9046E-1	-3.5000E+1
7.5965E-2	4.8827E-1	2.5200E+2
7.6082E-2	4.8851E-1	-5.2500E+2
7.6200E-2	4.8924E-1	3.9000E+1
7.6200E-2	4.8949E-1	2.6800E+2
7.6318E-2	4.8949E-1	-1.8600E+2
7.6435E-2	4.8900E-1	-3.0000E+1
7.6553E-2	4.8779E-1	1.2000E+2
7.6553E-2	4.8779E-1	9.2800E+2
7.6671E-2	4.8779E-1	2.2700E+2
7.6788E-2	4.8876E-1	-2.1700E+2
7.6906E-2	4.8900E-1	-3.0100E+2
7.6906E-2	4.9021E-1	-1.0000E+1
7.7024E-2	4.8997E-1	9.4000E+1
7.7141E-2	4.8779E-1	-5.0600E+2
7.7259E-2	4.8779E-1	-2.6000E+1
7.7377E-2	4.8900E-1	8.1000E+1
7.7377E-2	4.8851E-1	-2.7900E+2
7.7494E-2	4.8851E-1	2.0800E+2
7.7612E-2	4.8924E-1	-1.8700E+2
7.7730E-2	4.8876E-1	-4.9000E+1
7.7730E-2	4.8803E-1	-2.5100E+2
7.7847E-2	4.8827E-1	5.5800E+2
7.7965E-2	4.8827E-1	2.7400E+2
7.8083E-2	4.8924E-1	3.9000E+1
7.8083E-2	4.8803E-1	2.3200E+2
7.8200E-2	4.8900E-1	1.1400E+2
7.8318E-2	4.8803E-1	6.8000E+1
7.8436E-2	4.8876E-1	1.3200E+2
7.8436E-2	4.8754E-1	5.0300E+2
7.8553E-2	4.8706E-1	3.4400E+2
7.8671E-2	4.8633E-1	8.9800E+2
7.8789E-2	4.8681E-1	9.1900E+2
7.8789E-2	4.8608E-1	4.8400E+2
7.8906E-2	4.8560E-1	9.2000E+1
7.9024E-2	4.8681E-1	1.0640E+3
7.9142E-2	4.8414E-1	8.7500E+2
7.9259E-2	4.8390E-1	4.3700E+2
7.9259E-2	4.8244E-1	8.9900E+2
7.9377E-2	4.8317E-1	1.0750E+3
7.9494E-2	4.8293E-1	3.0600E+2
7.9612E-2	4.8268E-1	6.1800E+2
7.9612E-2	4.8244E-1	4.0200E+2
7.9730E-2	4.8366E-1	4.2600E+2
7.9847E-2	4.8098E-1	1.2580E+3
7.9965E-2	4.8171E-1	3.9000E+1
7.9965E-2	4.8074E-1	2.3500E+2
8.0083E-2	4.8074E-1	3.7800E+2
8.0200E-2	4.8123E-1	2.0000E+2
8.0318E-2	4.7928E-1	3.0100E+2
8.0318E-2	4.7880E-1	-2.8000E+1
8.0436E-2	4.7904E-1	1.1700E+2
8.0553E-2	4.7758E-1	3.1700E+2
8.0671E-2	4.7783E-1	5.0900E+2
8.0789E-2	4.7831E-1	7.5800E+2
8.0789E-2	4.7710E-1	3.9300E+2
8.0906E-2	4.7710E-1	6.0100E+2
8.1024E-2	4.7855E-1	2.6700E+2
8.1142E-2	4.7710E-1	1.0090E+3
8.1142E-2	4.7612E-1	-6.7000E+1
8.1259E-2	4.7637E-1	8.2000E+1
8.1377E-2	4.7685E-1	9.2900E+2
8.1495E-2	4.7588E-1	7.1000E+1
8.1495E-2	4.7540E-1	4.0100E+2
8.1612E-2	4.7540E-1	-3.2900E+2
8.1730E-2	4.7540E-1	-9.0000E+1
8.1848E-2	4.7515E-1	2.3100E+2
8.1848E-2	4.7612E-1	9.2000E+2
8.1965E-2	4.7345E-1	7.0200E+2
8.2083E-2	4.7418E-1	4.3500E+2
8.2201E-2	4.7442E-1	4.3700E+2
8.2201E-2	4.7370E-1	1.3460E+3
8.2318E-2	4.7467E-1	3.7600E+2
8.2436E-2	4.7345E-1	6.2000E+1
8.2554E-2	4.7321E-1	1.7800E+2
8.2671E-2	4.7321E-1	-1.9000E+1
8.2671E-2	4.7321E-1	2.4900E+2
8.2789E-2	4.7370E-1	6.9000E+1
8.2907E-2	4.7175E-1	2.9700E+2
8.3024E-2	4.7102E-1	1.4900E+2
8.3024E-2	4.7078E-1	7.0000E+1
8.3142E-2	4.7151E-1	-2.0000E+1
8.3259E-2	4.7248E-1	4.0500E+2
8.3377E-2	4.7102E-1	-1.7000E+2
8.3377E-2	4.7102E-1	9.7000E+1
8.3495E-2	4.7029E-1	-4.9000E+1
8.3612E-2	4.7248E-1	5.3200E+2
8.3730E-2	4.7029E-1	-3.3300E+2
8.3730E-2	4.6957E-1	1.8000E+2
8.3848E-2	4.7054E-1	6.8800E+2
8.3965E-2	4.6811E-1	7.1000E+2
8.4083E-2	4.7102E-1	-4.6100E+2
8.4083E-2	4.7078E-1	1.1300E+2
8.4201E-2	4.7029E-1	4.1300E+2
8.4318E-2	4.6859E-1	6.8200E+2
8.4436E-2	4.7054E-1	-2.9100E+2
8.4554E-2	4.6884E-1	3.6200E+2
8.4554E-2	4.6835E-1	-9.9000E+1
8.4671E-2	4.6884E-1	-1.7600E+2
8.4789E-2	4.6762E-1	2.6700E+2
8.4907E-2	4.6714E-1	2.9900E+2
8.4907E-2	4.6738E-1	-2.7100E+2
8.5024E-2	4.6568E-1	-1.6900E+2
8.5142E-2	4.6641E-1	7.6000E+1
8.5260E-2	4.6738E-1	-8.2000E+1
8.5260E-2	4.6616E-1	7.7900E+2
8.5377E-2	4.6738E-1	6.6200E+2
8.5495E-2	4.6689E-1	1.3200E+2
8.5613E-2	4.6616E-1	4.8800E+2
8.5613E-2	4.6495E-1	2.2600E+2
8.5730E-2	4.6568E-1	9.1700E+2
8.5848E-2	4.6495E-1	5.9200E+2
8.5966E-2	4.6446E-1	3.5200E+2
8.5966E-2	4.6495E-1	4.2200E+2
8.6083E-2	4.6422E-1	9.8000E+1
8.6201E-2	4.6446E-1	5.7400E+2
8.6319E-2	4.6349E-1	-4.6400E+2
8.6436E-2	4.6325E-1	3.8300E+2
8.6436E-2	4.6228E-1	4.5800E+2
8.6554E-2	4.6228E-1	4.7800E+2
8.6671E-2	4.6325E-1	7.1000E+2
8.6789E-2	4.6301E-1	1.2200E+2
8.6789E-2	4.6276E-1	-1.0700E+2
8.6907E-2	4.6252E-1	4.7600E+2
8.7024E-2	4.6033E-1	2.0200E+2
8.7142E-2	4.6203E-1	1.6000E+1
8.7142E-2	4.6082E-1	-1.2600E+2
8.7260E-2	4.6228E-1	1.8200E+2
8.7377E-2	4.6325E-1	-2.0000E+2
8.7495E-2	4.6131E-1	-3.6900E+2
8.7495E-2	4.6058E-1	2.0100E+2
8.7613E-2	4.6228E-1	4.3100E+2
8.7730E-2	4.6058E-1	-2.5000E+1
8.7848E-2	4.5985E-1	3.0400E+2
8.7966E-2	4.6252E-1	-1.5400E+2
8.7966E-2	4.6179E-1	-1.6000E+1
8.8083E-2	4.6058E-1	8.9900E+2
8.8201E-2	4.6009E-1	-4.5000E+1
8.8201E-2	4.5936E-1	1.7500E+2
8.8319E-2	4.6009E-1	6.4300E+2
8.8436E-2	4.5961E-1	-6.9000E+1
8.8554E-2	4.5863E-1	8.9700E+2
8.8672E-2	4.5742E-1	7.7000E+1
8.8672E-2	4.5936E-1	-3.4600E+2
8.8789E-2	4.5936E-1	3.1500E+2
8.8907E-2	4.6033E-1	-1.0200E+2
8.9025E-2	4.5839E-1	-3.8100E+2
8.9025E-2	4.5645E-1	3.1700E+2
8.9142E-2	4.5766E-1	1.7600E+2
8.9260E-2	4.5839E-1	-9.6000E+1
8.9378E-2	4.5790E-1	-6.5600E+2
8.9378E-2	4.5669E-1	7.5100E+2
8.9495E-2	4.5790E-1	2.9400E+2
8.9613E-2	4.5888E-1	4.4200E+2
8.9731E-2	4.5815E-1	-2.8100E+2
8.9731E-2	4.5718E-1	9.0800E+2
8.9848E-2	4.5815E-1	-4.0400E+2
8.9966E-2	4.5790E-1	2.7900E+2
9.0084E-2	4.5693E-1	6.3000E+1
9.0201E-2	4.5596E-1	1.4000E+2
9.0201E-2	4.5548E-1	6.7000E+2
9.0319E-2	4.5377E-1	0.0000E+0
9.0436E-2	4.5620E-1	-3.5900E+2
9.0554E-2	4.5645E-1	2.2300E+2
9.0554E-2	4.5450E-1	1.8700E+2
9.0672E-2	4.5572E-1	5.4300E+2
9.0789E-2	4.5377E-1	-1.7100E+2
9.0907E-2	4.5450E-1	3.1000E+2
9.0907E-2	4.5426E-1	5.5300E+2
9.1025E-2	4.5305E-1	1.8200E+2
9.1142E-2	4.5305E-1	7.5900E+2
9.1260E-2	4.5353E-1	1.1300E+2
9.1260E-2	4.5402E-1	8.0000E+0
9.1378E-2	4.5377E-1	5.0900E+2
9.1495E-2	4.5402E-1	6.8000E+2
9.1613E-2	4.5475E-1	3.3800E+2
9.1613E-2	4.5353E-1	-1.6300E+2
9.1731E-2	4.5183E-1	2.4100E+2
9.1848E-2	4.5183E-1	2.8500E+2
9.1966E-2	4.5256E-1	-4.9400E+2
9.2084E-2	4.5207E-1	-1.0300E+2
9.2084E-2	4.5159E-1	-8.9000E+1
9.2201E-2	4.5232E-1	-5.1000E+1
9.2319E-2	4.5256E-1	4.7700E+2
9.2437E-2	4.5329E-1	-3.4200E+2
9.2437E-2	4.5305E-1	-2.7100E+2
9.2554E-2	4.5280E-1	1.0000E+2
9.2672E-2	4.5159E-1	-6.7000E+1
9.2790E-2	4.5013E-1	1.6000E+1
9.2790E-2	4.5086E-1	1.1400E+2
9.2907E-2	4.5159E-1	7.5000E+1
9.3025E-2	4.5062E-1	7.9600E+2
9.3143E-2	4.5232E-1	2.9900E+2
9.3143E-2	4.5207E-1	-6.7000E+1
9.3260E-2	4.5280E-1	-2.1400E+2
9.3378E-2	4.4964E-1	8.1200E+2
9.3496E-2	4.5062E-1	-6.3000E+1
9.3496E-2	4.5135E-1	-1.5400E+2
9.3613E-2	4.5110E-1	-4.0700E+2
9.3731E-2	4.5135E-1	2.0000E+1
9.3849E-2	4.5183E-1	-8.2200E+2
9.3966E-2	4.5013E-1	-3.1000E+2
9.3966E-2	4.5110E-1	-3.4700E+2
9.4084E-2	4.5062E-1	4.5300E+2
9.4201E-2	4.5256E-1	-3.5500E+2
9.4319E-2	4.4916E-1	-7.6100E+2
9.4319E-2	4.5256E-1	-2.9800E+2
9.4437E-2	4.5135E-1	1.1500E+2
9.4554E-2	4.5256E-1	9.0000E+1
9.4672E-2	4.5135E-1	-5.7600E+2
9.4672E-2	4.5013E-1	-1.3200E+2
9.4790E-2	4.5232E-1	-4.9200E+2
9.4907E-2	4.5135E-1	-5.8200E+2
9.5025E-2	4.5232E-1	-5.1500E+2
9.5025E-2	4.5159E-1	-6.0600E+2
9.5143E-2	4.5232E-1	-2.4500E+2
9.5260E-2	4.5062E-1	1.4200E+2
9.5378E-2	4.5086E-1	-8.2000E+1
9.5378E-2	4.5013E-1	5.5200E+2
9.5496E-2	4.5086E-1	-2.9900E+2
9.5613E-2	4.5086E-1	-8.1000E+1
9.5731E-2	4.5110E-1	2.7600E+2
9.5849E-2	4.5037E-1	5.4300E+2
9.5849E-2	4.5013E-1	8.1200E+2
9.5966E-2	4.5037E-1	7.5600E+2
9.6084E-2	4.4892E-1	1.0390E+3
9.6202E-2	4.4916E-1	1.0430E+3
9.6202E-2	4.4867E-1	4.4700E+2
9.6319E-2	4.4867E-1	6.4800E+2
9.6437E-2	4.4697E-1	4.0700E+2
9.6555E-2	4.4770E-1	7.2400E+2
9.6555E-2	4.4673E-1	8.1400E+2
9.6672E-2	4.4794E-1	4.9900E+2
9.6790E-2	4.4746E-1	1.2280E+3
9.6908E-2	4.4576E-1	8.6500E+2
9.6908E-2	4.4649E-1	1.0540E+3
9.7025E-2	4.4503E-1	1.1210E+3
9.7143E-2	4.4527E-1	1.1520E+3
9.7261E-2	4.4454E-1	3.0900E+2
9.7378E-2	4.4284E-1	6.6200E+2
9.7378E-2	4.4430E-1	7.3400E+2
9.7496E-2	4.4357E-1	5.9600E+2
9.7613E-2	4.4381E-1	4.2100E+2
9.7731E-2	4.4333E-1	5.1300E+2
9.7731E-2	4.4114E-1	1.4000E+2
9.7849E-2	4.4066E-1	3.6900E+2
9.7966E-2	4.4139E-1	1.0230E+3
9.8084E-2	4.4090E-1	5.6600E+2
9.8084E-2	4.4066E-1	2.4800E+2
9.8202E-2	4.4114E-1	6.6300E+2
9.8319E-2	4.4114E-1	6.2200E+2
9.8437E-2	4.3968E-1	-3.5800E+2
9.8437E-2	4.3993E-1	5.0600E+2
9.8555E-2	4.4017E-1	-3.0700E+2
9.8672E-2	4.4066E-1	4.5700E+2
9.8790E-2	4.4066E-1	5.1700E+2
9.8790E-2	4.3896E-1	7.0800E+2
9.8908E-2	4.3871E-1	1.9000E+2
9.9025E-2	4.3774E-1	3.2500E+2
9.9143E-2	4.3701E-1	6.5000E+2
9.9261E-2	4.3726E-1	1.0200E+3
9.9261E-2	4.3871E-1	1.4500E+2
9.9378E-2	4.3774E-1	-2.3500E+2
9.9496E-2	4.3774E-1	7.7800E+2
9.9614E-2	4.3750E-1	4.0900E+2
9.9614E-2	4.3628E-1	3.4700E+2
9.9731E-2	4.3701E-1	4.0500E+2
9.9849E-2	4.3750E-1	2.5800E+2
9.9967E-2	4.3580E-1	8.0400E+2
9.9967E-2	4.3434E-1	8.5000E+1
1.0008E-1	4.3434E-1	1.4900E+2
1.0020E-1	4.3604E-1	3.8800E+2
1.0032E-1	4.3653E-1	4.0000E+0
1.0032E-1	4.3385E-1	3.8000E+2
1.0044E-1	4.3458E-1	1.2800E+2
1.0055E-1	4.3483E-1	3.7300E+2
1.0067E-1	4.3361E-1	3.1100E+2
1.0067E-1	4.3264E-1	1.4100E+2
1.0079E-1	4.3507E-1	3.9700E+2
1.0091E-1	4.3483E-1	1.6000E+2
1.0103E-1	4.3191E-1	5.2000E+1
1.0103E-1	4.3337E-1	-4.1600E+2
1.0114E-1	4.3385E-1	4.7000E+1
1.0126E-1	4.3385E-1	-3.3000E+1
1.0138E-1	4.3313E-1	2.8200E+2
1.0150E-1	4.3385E-1	5.0100E+2
1.0150E-1	4.3313E-1	-1.6500E+2
1.0161E-1	4.3313E-1	3.1100E+2
1.0173E-1	4.3264E-1	1.6900E+2
1.0185E-1	4.3240E-1	3.3000E+1
1.0185E-1	4.3167E-1	7.6000E+1
1.0197E-1	4.3191E-1	5.9600E+2
1.0208E-1	4.3142E-1	7.9000E+1
1.0220E-1	4.3142E-1	3.3900E+2
1.0220E-1	4.3094E-1	-2.2800E+2
1.0232E-1	4.3118E-1	7.0900E+2
1.0244E-1	4.2972E-1	-1.8800E+2
1.0256E-1	4.3240E-1	2.6200E+2
1.0256E-1	4.2948E-1	2.6800E+2
1.0267E-1	4.3118E-1	4.1700E+2
1.0279E-1	4.2997E-1	3.2400E+2
1.0291E-1	4.3167E-1	6.7600E+2
1.0291E-1	4.3021E-1	-1.0800E+2
1.0303E-1	4.3070E-1	8.8100E+2
1.0314E-1	4.3094E-1	8.0500E+2
1.0326E-1	4.3070E-1	8.9000E+1
1.0338E-1	4.2972E-1	2.7900E+2
1.0338E-1	4.2972E-1	2.6800E+2
1.0350E-1	4.2875E-1	-3.2000E+2
1.0361E-1	4.2851E-1	8.2200E+2
1.0373E-1	4.2851E-1	6.7900E+2
1.0373E-1	4.2924E-1	-1.7300E+2
1.0385E-1	4.2778E-1	2.0600E+2
1.0397E-1	4.2972E-1	-1.1000E+1
1.0408E-1	4.2924E-1	2.2700E+2
1.0408E-1	4.2827E-1	4.3000E+2
1.0420E-1	4.2924E-1	-5.9000E+1
1.0432E-1	4.2875E-1	1.2000E+1
1.0444E-1	4.2754E-1	5.1000E+1
1.0444E-1	4.2827E-1	-1.1500E+2
1.0456E-1	4.2851E-1	4.1000E+1
1.0467E-1	4.2827E-1	-5.8200E+2
1.0479E-1	4.2754E-1	-1.1240E+3
1.0479E-1	4.2730E-1	-1.0000E+0
1.0491E-1	4.2608E-1	-6.3400E+2
1.0503E-1	4.2681E-1	-1.4800E+2
1.0514E-1	4.2754E-1	6.9000E+2
1.0526E-1	4.2754E-1	3.9900E+2
1.0526E-1	4.2827E-1	-3.7300E+2
1.0538E-1	4.2972E-1	-5.9800E+2
1.0550E-1	4.2827E-1	1.3000E+1
1.0561E-1	4.2802E-1	-8.6000E+1
1.0561E-1	4.2802E-1	2.1400E+2
1.0573E-1	4.2802E-1	-1.3500E+2
1.0585E-1	4.2948E-1	-2.7000E+2
1.0597E-1	4.3191E-1	-6.4200E+2
1.0597E-1	4.2802E-1	-3.3800E+2
1.0608E-1	4.2997E-1	-8.1300E+2
1.0620E-1	4.3142E-1	-2.1900E+2
1.0632E-1	4.2997E-1	-6.1200E+2
1.0632E-1	4.3142E-1	-1.6000E+2
1.0644E-1	4.3094E-1	4.0000E+0
1.0656E-1	4.3191E-1	-8.7900E+2
1.0667E-1	4.3142E-1	-3.0800E+2
1.0679E-1	4.3288E-1	-7.8100E+2
1.0679E-1	4.3264E-1	-1.0950E+3
1.0691E-1	4.3483E-1	-3.0000E+0
1.0703E-1	4.3555E-1	-7.8900E+2
1.0714E-1	4.3628E-1	-6.8300E+2
1.0714E-1	4.3896E-1	-9.7600E+2
1.0726E-1	4.3871E-1	2.7700E+2
1.0738E-1	4.3823E-1	-1.1460E+3
1.0750E-1	4.3726E-1	-5.0000E+2
1.0750E-1	4.3847E-1	-1.8900E+2
1.0761E-1	4.3774E-1	-5.0000E+1
1.0773E-1	4.3871E-1	1.7500E+2
1.0785E-1	4.3774E-1	5.3400E+2
1.0785E-1	4.3701E-1	3.8000E+1
1.0797E-1	4.3774E-1	5.1200E+2
1.0808E-1	4.3701E-1	9.3000E+2
1.0820E-1	4.3798E-1	7.0800E+2
1.0820E-1	4.3774E-1	5.6400E+2
1.0832E-1	4.3628E-1	6.0100E+2
1.0844E-1	4.3653E-1	5.9600E+2
1.0856E-1	4.3531E-1	6.6100E+2
1.0867E-1	4.3337E-1	1.3440E+3
1.0867E-1	4.3385E-1	6.9900E+2
1.0879E-1	4.3142E-1	1.2360E+3
1.0891E-1	4.3118E-1	1.4740E+3
1.0903E-1	4.2972E-1	8.3800E+2
1.0903E-1	4.3045E-1	1.4270E+3
1.0914E-1	4.2705E-1	1.2910E+3
1.0926E-1	4.2754E-1	1.4730E+3
1.0938E-1	4.2754E-1	7.3000E+2
1.0938E-1	4.2608E-1	3.9200E+2
1.0950E-1	4.2462E-1	4.6800E+2
1.0961E-1	4.2389E-1	1.3100E+3
1.0973E-1	4.2438E-1	1.0900E+3
1.0973E-1	4.2268E-1	3.7800E+2
1.0985E-1	4.2317E-1	4.6300E+2
1.0997E-1	4.2098E-1	3.7000E+2
1.1009E-1	4.1976E-1	3.2700E+2
1.1009E-1	4.2025E-1	5.3600E+2
1.1020E-1	4.2001E-1	6.8700E+2
1.1032E-1	4.2025E-1	3.4400E+2
1.1044E-1	4.2171E-1	3.9000E+2
1.1056E-1	4.1831E-1	6.2400E+2
1.1056E-1	4.1782E-1	1.7300E+2
1.1067E-1	4.1928E-1	4.9800E+2
1.1079E-1	4.1855E-1	1.9900E+2
1.1091E-1	4.1661E-1	3.6400E+2
1.1091E-1	4.1661E-1	4.1300E+2
1.1103E-1	4.1515E-1	6.9400E+2
1.1114E-1	4.1588E-1	5.9300E+2
1.1126E-1	4.1393E-1	1.0200E+2
1.1126E-1	4.1442E-1	2.6400E+2
1.1138E-1	4.1466E-1	2.7500E+2
1.1150E-1	4.1393E-1	-4.5300E+2
1.1161E-1	4.1393E-1	6.2200E+2
1.1161E-1	4.1321E-1	3.8000E+1
1.1173E-1	4.1223E-1	5.4400E+2
1.1185E-1	4.1369E-1	1.7000E+2
1.1197E-1	4.1248E-1	4.4900E+2
1.1209E-1	4.1321E-1	-2.9000E+1
1.1209E-1	4.1442E-1	3.0000E+1
1.1220E-1	4.1369E-1	2.3900E+2
1.1232E-1	4.1199E-1	3.8400E+2
1.1232E-1	4.1345E-1	2.5400E+2
1.1244E-1	4.1199E-1	-9.6000E+1
1.1256E-1	4.1126E-1	4.2700E+2
1.1267E-1	4.1102E-1	3.5800E+2
1.1279E-1	4.1223E-1	-5.9400E+2
1.1279E-1	4.1223E-1	1.2800E+2
1.1291E-1	4.0908E-1	2.7600E+2
1.1303E-1	4.0980E-1	-3.2600E+2
1.1314E-1	4.0883E-1	-1.5900E+2
1.1314E-1	4.0980E-1	6.4000E+1
1.1326E-1	4.0859E-1	2.4700E+2
1.1338E-1	4.1102E-1	4.8900E+2
1.1350E-1	4.0980E-1	1.6900E+2
1.1350E-1	4.0883E-1	7.5800E+2
1.1361E-1	4.0908E-1	-2.6000E+2
1.1373E-1	4.1175E-1	5.4400E+2
1.1385E-1	4.0956E-1	3.9300E+2
1.1397E-1	4.0835E-1	3.0600E+2
1.1397E-1	4.0883E-1	-2.1700E+2
1.1409E-1	4.0908E-1	-3.4100E+2
1.1420E-1	4.0835E-1	3.0800E+2
1.1432E-1	4.0932E-1	4.0000E+2
1.1432E-1	4.0640E-1	4.6500E+2
1.1444E-1	4.0567E-1	3.6900E+2
1.1456E-1	4.0835E-1	5.6000E+1
1.1467E-1	4.0762E-1	3.8900E+2
1.1467E-1	4.0713E-1	-3.9400E+2
1.1479E-1	4.0665E-1	-1.4700E+2
1.1491E-1	4.0786E-1	4.4800E+2
1.1503E-1	4.0519E-1	5.0700E+2
1.1503E-1	4.0689E-1	-2.1000E+1
1.1514E-1	4.0519E-1	7.7000E+1
1.1526E-1	4.0519E-1	2.1000E+2
1.1538E-1	4.0470E-1	6.5400E+2
1.1538E-1	4.0470E-1	-9.2000E+1
1.1550E-1	4.0592E-1	1.1700E+2
1.1561E-1	4.0567E-1	8.3300E+2
1.1573E-1	4.0567E-1	3.5000E+1
1.1573E-1	4.0616E-1	7.6000E+1
1.1585E-1	4.0519E-1	6.4900E+2
1.1597E-1	4.0446E-1	1.2600E+2
1.1609E-1	4.0519E-1	5.9400E+2
1.1620E-1	4.0543E-1	-4.6200E+2
1.1620E-1	4.0422E-1	1.2100E+2
1.1632E-1	4.0567E-1	4.4000E+1
1.1644E-1	4.0470E-1	4.5200E+2
1.1656E-1	4.0373E-1	5.5000E+1
1.1656E-1	4.0373E-1	1.9800E+2
1.1667E-1	4.0397E-1	3.0800E+2
1.1679E-1	4.0349E-1	-6.5400E+2
1.1691E-1	4.0422E-1	-4.2600E+2
1.1691E-1	4.0276E-1	2.7600E+2
1.1703E-1	4.0422E-1	-2.5100E+2
1.1714E-1	4.0373E-1	4.0300E+2
1.1726E-1	4.0349E-1	-7.9000E+1
1.1726E-1	4.0252E-1	6.4000E+1
1.1738E-1	4.0349E-1	1.6500E+2
1.1750E-1	4.0154E-1	-1.7700E+2
1.1761E-1	4.0300E-1	-2.0400E+2
1.1761E-1	4.0300E-1	1.9700E+2
1.1773E-1	4.0446E-1	4.3400E+2
1.1785E-1	4.0276E-1	-4.0000E+0
1.1797E-1	4.0422E-1	-2.2700E+2
1.1809E-1	4.0349E-1	7.6000E+2
1.1809E-1	4.0203E-1	6.5100E+2
1.1820E-1	4.0276E-1	8.9000E+1
1.1832E-1	4.0252E-1	-6.0000E+0
1.1844E-1	4.0203E-1	3.2800E+2
1.1844E-1	4.0349E-1	4.8000E+1
1.1856E-1	4.0349E-1	3.2800E+2
1.1867E-1	4.0130E-1	-1.3500E+2
1.1879E-1	4.0203E-1	-1.0300E+2
1.1879E-1	4.0082E-1	-2.4000E+1
1.1891E-1	4.0179E-1	-7.7000E+1
1.1903E-1	4.0227E-1	6.2500E+2
1.1914E-1	4.0276E-1	-3.5900E+2
1.1914E-1	4.0154E-1	-4.8400E+2
1.1926E-1	4.0130E-1	6.0000E+0
1.1938E-1	4.0106E-1	3.6000E+2
1.1950E-1	4.0276E-1	-1.8300E+2
1.1950E-1	4.0203E-1	-3.2200E+2
1.1962E-1	4.0130E-1	1.1400E+2
1.1973E-1	4.0057E-1	2.6600E+2
1.1985E-1	4.0252E-1	3.3800E+2
1.1997E-1	4.0106E-1	-3.1800E+2
1.1997E-1	4.0276E-1	-1.4400E+2
1.2009E-1	4.0057E-1	7.9000E+1
1.2020E-1	4.0057E-1	-9.0000E+0
1.2032E-1	4.0276E-1	3.2800E+2
1.2032E-1	4.0154E-1	7.6200E+2
1.2044E-1	4.0130E-1	6.6400E+2
1.2056E-1	3.9984E-1	2.5200E+2
1.2067E-1	4.0203E-1	2.7700E+2
1.2067E-1	4.0203E-1	-5.5700E+2
1.2079E-1	4.0106E-1	2.4600E+2
1.2091E-1	4.0300E-1	5.2600E+2
1.2103E-1	4.0033E-1	1.0000E+0
1.2103E-1	4.0179E-1	-2.9500E+2
1.2114E-1	4.0349E-1	2.3000E+2
1.2126E-1	4.0106E-1	1.3000E+2
1.2138E-1	4.0203E-1	-3.4700E+2
1.2150E-1	4.0227E-1	-1.9200E+2
1.2150E-1	4.0227E-1	-8.0000E+1
1.2162E-1	4.0324E-1	2.0700E+2
1.2173E-1	4.0179E-1	-5.1900E+2
1.2185E-1	4.0227E-1	-4.6300E+2
1.2185E-1	4.0349E-1	-4.6200E+2
1.2197E-1	4.0252E-1	-3.0400E+2
1.2209E-1	4.0349E-1	-1.5900E+2
1.2220E-1	4.0276E-1	-1.1700E+2
1.2220E-1	4.0349E-1	-3.2200E+2
1.2232E-1	4.0519E-1	-8.0400E+2
1.2244E-1	4.0567E-1	-1.0600E+2
1.2256E-1	4.0689E-1	-1.0200E+3
1.2256E-1	4.0689E-1	-2.6700E+2
1.2267E-1	4.0810E-1	-9.3400E+2
1.2279E-1	4.1005E-1	-1.1530E+3
1.2291E-1	4.1078E-1	-1.2580E+3
1.2291E-1	4.1005E-1	-1.1960E+3
1.2303E-1	4.1126E-1	-9.5100E+2
1.2314E-1	4.1223E-1	-1.2290E+3
1.2326E-1	4.1321E-1	-6.4200E+2
1.2338E-1	4.1442E-1	-7.9900E+2
1.2338E-1	4.1466E-1	-1.2430E+3
1.2350E-1	4.1466E-1	-1.1070E+3
1.2362E-1	4.1418E-1	-2.3100E+3
1.2373E-1	4.1563E-1	-1.4220E+3
1.2373E-1	4.1928E-1	-1.8530E+3
1.2385E-1	4.2122E-1	-2.6210E+3
1.2397E-1	4.2389E-1	-1.8370E+3
1.2409E-1	4.2414E-1	-2.0610E+3
1.2409E-1	4.2705E-1	-2.0210E+3
1.2420E-1	4.3118E-1	-2.0430E+3
1.2432E-1	4.3094E-1	-2.1690E+3
1.2444E-1	4.3215E-1	-2.9930E+3
1.2444E-1	4.3434E-1	-2.0220E+3
1.2456E-1	4.3847E-1	-1.8410E+3
1.2467E-1	4.3798E-1	-2.1980E+3
1.2479E-1	4.3944E-1	-1.3840E+3
1.2479E-1	4.3993E-1	-1.1540E+3
1.2491E-1	4.4187E-1	-8.8500E+2
1.2503E-1	4.4309E-1	-4.0500E+2
1.2514E-1	4.4211E-1	-6.5900E+2
1.2526E-1	4.4211E-1	-1.0900E+2
1.2526E-1	4.4430E-1	3.5100E+2
1.2538E-1	4.4309E-1	-6.3000E+1
1.2550E-1	4.4163E-1	4.5600E+2
1.2562E-1	4.4236E-1	6.7000E+2
1.2562E-1	4.4090E-1	9.7100E+2
1.2573E-1	4.3896E-1	1.5070E+3
1.2585E-1	4.3604E-1	2.3790E+3
1.2597E-1	4.3531E-1	2.3770E+3
1.2597E-1	4.2948E-1	2.0980E+3
1.2609E-1	4.2900E-1	2.2180E+3
1.2620E-1	4.2487E-1	2.6350E+3
1.2632E-1	4.2341E-1	2.0490E+3
1.2632E-1	4.2001E-1	2.1160E+3
1.2644E-1	4.1904E-1	2.1070E+3
1.2656E-1	4.1831E-1	1.8970E+3
1.2667E-1	4.1563E-1	1.8540E+3
1.2667E-1	4.1418E-1	1.6730E+3
1.2679E-1	4.1126E-1	1.9370E+3
1.2691E-1	4.1248E-1	1.9350E+3
1.2703E-1	4.0883E-1	1.8110E+3
1.2703E-1	4.0835E-1	1.1370E+3
1.2715E-1	4.0665E-1	1.6920E+3
1.2726E-1	4.0592E-1	1.1190E+3
1.2738E-1	4.0422E-1	5.4100E+2
1.2750E-1	4.0252E-1	1.9680E+3
1.2750E-1	4.0324E-1	1.2180E+3
1.2762E-1	4.0300E-1	6.6000E+2
1.2773E-1	4.0033E-1	9.3400E+2
1.2785E-1	3.9936E-1	8.2800E+2
1.2785E-1	3.9911E-1	7.4900E+2
1.2797E-1	3.9644E-1	5.8900E+2
1.2809E-1	3.9547E-1	7.4700E+2
1.2820E-1	3.9377E-1	7.8700E+2
1.2820E-1	3.9474E-1	-3.4000E+1
1.2832E-1	3.9450E-1	1.0170E+3
1.2844E-1	3.9328E-1	9.6000E+1
1.2856E-1	3.9256E-1	1.8900E+2
1.2856E-1	3.9328E-1	1.0200E+3
1.2867E-1	3.9280E-1	6.2600E+2
1.2879E-1	3.9231E-1	4.9100E+2
1.2891E-1	3.9158E-1	1.5900E+2
1.2891E-1	3.9207E-1	5.3300E+2
1.2903E-1	3.9086E-1	-6.8000E+1
1.2915E-1	3.8843E-1	3.7600E+2
1.2926E-1	3.8988E-1	5.6700E+2
1.2938E-1	3.8915E-1	1.3000E+2
1.2938E-1	3.9013E-1	1.2900E+2
1.2950E-1	3.8915E-1	4.3400E+2
1.2962E-1	3.8891E-1	-2.2600E+2
1.2973E-1	3.8843E-1	2.1800E+2
1.2973E-1	3.8915E-1	5.4100E+2
1.2985E-1	3.8697E-1	5.7900E+2
1.2997E-1	3.8867E-1	-2.2000E+1
1.3009E-1	3.8697E-1	5.8000E+2
1.3009E-1	3.8551E-1	-3.8100E+2
1.3020E-1	3.8721E-1	7.6000E+2
1.3032E-1	3.8770E-1	-8.6000E+1
1.3044E-1	3.8600E-1	3.5200E+2
1.3044E-1	3.8575E-1	7.4000E+1
1.3056E-1	3.8673E-1	4.0000E+1
1.3067E-1	3.8478E-1	2.5500E+2
1.3079E-1	3.8600E-1	-2.0000E+0
1.3091E-1	3.8478E-1	3.0500E+2
1.3091E-1	3.8478E-1	1.4100E+2
1.3103E-1	3.8527E-1	-2.1700E+2
1.3115E-1	3.8260E-1	-4.5900E+2
1.3126E-1	3.8332E-1	-5.7400E+2
1.3126E-1	3.8405E-1	4.6000E+1
1.3138E-1	3.8260E-1	5.9200E+2
1.3150E-1	3.8235E-1	9.8000E+1
1.3162E-1	3.8235E-1	-3.0200E+2
1.3162E-1	3.8187E-1	2.0000E+2
1.3173E-1	3.8235E-1	5.5300E+2
1.3185E-1	3.8260E-1	1.6300E+2
1.3197E-1	3.8260E-1	4.5200E+2
1.3197E-1	3.8284E-1	4.1600E+2
1.3209E-1	3.8041E-1	2.0900E+2
1.3220E-1	3.8235E-1	-1.2500E+2
1.3232E-1	3.8089E-1	9.5000E+1
1.3232E-1	3.8235E-1	7.6000E+1
1.3244E-1	3.8187E-1	1.4700E+2
1.3256E-1	3.8065E-1	1.5900E+2
1.3267E-1	3.8041E-1	9.9000E+1
1.3279E-1	3.8065E-1	1.2900E+2
1.3279E-1	3.8187E-1	-1.0600E+2
1.3291E-1	3.8138E-1	6.0000E+1
1.3303E-1	3.8089E-1	4.0500E+2
1.3315E-1	3.8041E-1	-1.7300E+2
1.3315E-1	3.8065E-1	-3.6300E+2
1.3326E-1	3.7968E-1	3.8800E+2
1.3338E-1	3.7944E-1	-9.5000E+1
1.3350E-1	3.8065E-1	-5.3000E+1
1.3350E-1	3.7968E-1	3.9000E+1
1.3362E-1	3.7847E-1	-6.6000E+1
1.3373E-1	3.7895E-1	-3.5500E+2
1.3385E-1	3.8041E-1	5.6000E+1
1.3385E-1	3.7774E-1	-6.2900E+2
1.3397E-1	3.7919E-1	-2.1700E+2
1.3409E-1	3.7871E-1	-2.9300E+2
1.3420E-1	3.7725E-1	-2.6200E+2
1.3420E-1	3.7774E-1	2.2600E+2
1.3432E-1	3.7774E-1	-2.6400E+2
1.3444E-1	3.7725E-1	2.7800E+2
1.3456E-1	3.7847E-1	-3.5700E+2
1.3468E-1	3.7847E-1	5.1600E+2
1.3468E-1	3.7701E-1	-6.5800E+2
1.3479E-1	3.7749E-1	6.0000E+0
1.3491E-1	3.7725E-1	-3.7000E+2
1.3503E-1	3.7749E-1	3.3400E+2
1.3503E-1	3.7774E-1	6.9000E+1
1.3515E-1	3.7604E-1	5.5600E+2
1.3526E-1	3.7677E-1	6.0100E+2
1.3538E-1	3.7822E-1	4.6000E+1
1.3538E-1	3.7555E-1	2.2700E+2
1.3550E-1	3.7677E-1	-2.8700E+2
1.3562E-1	3.7579E-1	-8.8000E+1
1.3573E-1	3.7579E-1	-1.0200E+2
1.3573E-1	3.7725E-1	-4.7900E+2
1.3585E-1	3.7531E-1	1.0400E+2
1.3597E-1	3.7579E-1	-1.2600E+2
1.3609E-1	3.7531E-1	2.2500E+2
1.3620E-1	3.7506E-1	-5.4400E+2
1.3620E-1	3.7555E-1	1.4900E+2
1.3632E-1	3.7482E-1	-5.1000E+1
1.3644E-1	3.7701E-1	-1.3500E+2
1.3656E-1	3.7531E-1	5.0000E+0
1.3656E-1	3.7385E-1	4.0700E+2
1.3668E-1	3.7458E-1	-2.3700E+2
1.3679E-1	3.7434E-1	2.0000E+1
1.3691E-1	3.7555E-1	-1.1300E+2
1.3691E-1	3.7482E-1	1.3100E+2
1.3703E-1	3.7336E-1	2.2100E+2
1.3715E-1	3.7434E-1	-1.5700E+2
1.3726E-1	3.7361E-1	2.6000E+1
1.3726E-1	3.7385E-1	-9.9800E+2
1.3738E-1	3.7506E-1	-9.9000E+1
1.3750E-1	3.7506E-1	-2.0700E+2
1.3762E-1	3.7264E-1	1.6000E+1
1.3762E-1	3.7409E-1	-2.7400E+2
1.3773E-1	3.7336E-1	-1.3500E+2
1.3785E-1	3.7385E-1	6.2000E+1
1.3797E-1	3.7312E-1	7.1000E+1
1.3809E-1	3.7288E-1	1.0000E+0
1.3809E-1	3.7166E-1	5.6000E+1
1.3820E-1	3.7215E-1	3.3900E+2
1.3832E-1	3.7385E-1	-1.4000E+2
1.3844E-1	3.7312E-1	2.1500E+2
1.3844E-1	3.7336E-1	-2.0800E+2
1.3856E-1	3.7531E-1	-1.3000E+1
1.3868E-1	3.7142E-1	-1.2000E+2
1.3879E-1	3.7336E-1	3.0800E+2
1.3879E-1	3.7482E-1	5.0200E+2
1.3891E-1	3.7166E-1	6.4000E+1
1.3903E-1	3.7288E-1	1.6500E+2
1.3915E-1	3.7118E-1	3.6300E+2
1.3915E-1	3.7312E-1	6.7500E+2
1.3926E-1	3.7312E-1	-1.0900E+2
1.3938E-1	3.7312E-1	8.1400E+2
1.3950E-1	3.7142E-1	5.5000E+1
1.3950E-1	3.7385E-1	3.8000E+1
1.3962E-1	3.7191E-1	4.0800E+2
1.3973E-1	3.7312E-1	-1.1200E+2
1.3985E-1	3.7166E-1	1.3000E+1
1.3985E-1	3.7239E-1	1.0900E+2
1.3997E-1	3.7312E-1	1.6400E+2
1.4009E-1	3.7264E-1	3.0800E+2
1.4020E-1	3.7191E-1	-4.8800E+2
1.4032E-1	3.7191E-1	2.2500E+2
1.4032E-1	3.7264E-1	5.7000E+1
1.4044E-1	3.7166E-1	-1.0900E+2
1.4056E-1	3.7118E-1	-2.9800E+2
1.4068E-1	3.7045E-1	-1.7000E+1
1.4068E-1	3.7215E-1	-1.0500E+2
1.4079E-1	3.7264E-1	7.0000E+1
1.4091E-1	3.7191E-1	-2.8500E+2
1.4103E-1	3.7142E-1	-4.0400E+2
1.4103E-1	3.7069E-1	-5.9000E+1
1.4115E-1	3.7215E-1	7.9000E+1
1.4126E-1	3.7288E-1	-2.1900E+2
1.4138E-1	3.7142E-1	-3.5100E+2
1.4138E-1	3.7142E-1	-2.2200E+2
1.4150E-1	3.7239E-1	-4.5100E+2
1.4162E-1	3.7069E-1	4.8900E+2
1.4173E-1	3.7166E-1	-3.5400E+2
1.4173E-1	3.7215E-1	-2.3700E+2
1.4185E-1	3.7069E-1	-3.9600E+2
1.4197E-1	3.7118E-1	-5.9700E+2
1.4209E-1	3.7166E-1	1.6700E+2
1.4221E-1	3.7215E-1	-4.3000E+1
1.4221E-1	3.7166E-1	-9.4000E+2
1.4232E-1	3.6996E-1	-3.1400E+2
1.4244E-1	3.6996E-1	1.7600E+2
1.4256E-1	3.7021E-1	8.7000E+1
1.4256E-1	3.6972E-1	-5.1600E+2
1.4268E-1	3.7045E-1	4.1000E+2
1.4279E-1	3.7069E-1	1.4000E+2
1.4291E-1	3.6875E-1	4.2300E+2
1.4291E-1	3.7118E-1	1.5800E+2
1.4303E-1	3.6923E-1	-6.9400E+2
1.4315E-1	3.7045E-1	-1.6700E+2
1.4326E-1	3.6996E-1	3.1300E+2
1.4326E-1	3.7215E-1	-4.5000E+2
1.4338E-1	3.6996E-1	4.7800E+2
1.4350E-1	3.7045E-1	-9.7400E+2
1.4362E-1	3.7118E-1	-1.1800E+2
1.4362E-1	3.7021E-1	1.3000E+1
1.4373E-1	3.7021E-1	2.8200E+2
1.4385E-1	3.7093E-1	-2.2000E+1
1.4397E-1	3.6851E-1	-4.2000E+2
1.4409E-1	3.7069E-1	4.1000E+1
1.4409E-1	3.7045E-1	-5.0000E+0
1.4421E-1	3.6972E-1	-1.6300E+2
1.4432E-1	3.6899E-1	9.5000E+1
1.4444E-1	3.6923E-1	3.7500E+2
1.4444E-1	3.6923E-1	1.8400E+2
1.4456E-1	3.6899E-1	-2.1000E+1
1.4468E-1	3.6875E-1	-4.5000E+1
1.4479E-1	3.6923E-1	-1.3400E+2
1.4479E-1	3.6948E-1	-2.7200E+2
1.4491E-1	3.6972E-1	-3.3100E+2
1.4503E-1	3.6875E-1	-8.0000E+0
1.4515E-1	3.7045E-1	-3.0700E+2
1.4515E-1	3.7021E-1	-1.1000E+1
1.4526E-1	3.6899E-1	2.0800E+2
1.4538E-1	3.6802E-1	-4.1400E+2
1.4550E-1	3.6753E-1	3.3500E+2
1.4550E-1	3.7021E-1	1.8400E+2
1.4562E-1	3.6875E-1	1.0700E+2
1.4573E-1	3.6802E-1	-2.5200E+2
1.4585E-1	3.6996E-1	-6.5400E+2
1.4597E-1	3.7142E-1	1.0000E+0
1.4597E-1	3.7093E-1	-6.1500E+2
1.4609E-1	3.7045E-1	3.7300E+2
1.4621E-1	3.6778E-1	-3.5400E+2
1.4632E-1	3.6948E-1	-5.2800E+2
1.4632E-1	3.6948E-1	-2.7400E+2
1.4644E-1	3.6996E-1	-4.5800E+2
1.4656E-1	3.6923E-1	8.0000E+1
1.4668E-1	3.6778E-1	-3.0000E+2
1.4668E-1	3.6948E-1	9.4000E+1
1.4679E-1	3.6923E-1	-2.7000E+1
1.4691E-1	3.6948E-1	4.0000E+0
1.4703E-1	3.6851E-1	-1.1900E+2
1.4703E-1	3.7045E-1	-5.2400E+2
1.4715E-1	3.6802E-1	-5.7000E+2
1.4726E-1	3.6948E-1	-1.5000E+1
1.4738E-1	3.6826E-1	-1.7300E+2
1.4750E-1	3.7021E-1	-5.4000E+1
1.4750E-1	3.6948E-1	6.7600E+2
1.4762E-1	3.6875E-1	-2.3500E+2
1.4773E-1	3.6778E-1	9.0000E+1
1.4785E-1	3.6899E-1	1.4400E+2
1.4785E-1	3.6972E-1	5.5700E+2
1.4797E-1	3.6923E-1	-3.6300E+2
1.4809E-1	3.6948E-1	-1.0000E+0
1.4821E-1	3.6802E-1	-6.3500E+2
1.4821E-1	3.6899E-1	2.8000E+1
1.4832E-1	3.6948E-1	4.0000E+1
1.4844E-1	3.7045E-1	-2.7000E+1
1.4856E-1	3.7069E-1	-3.7300E+2
1.4856E-1	3.6948E-1	-1.3200E+2
1.4868E-1	3.6802E-1	-5.0000E+1
1.4879E-1	3.6899E-1	-3.5000E+2
1.4891E-1	3.6972E-1	-7.4000E+1
1.4891E-1	3.6826E-1	3.6000E+1
1.4903E-1	3.7045E-1	-9.6200E+2
1.4915E-1	3.6826E-1	7.0000E+1
1.4926E-1	3.6996E-1	-3.0500E+2
1.4938E-1	3.6875E-1	-3.9200E+2
1.4938E-1	3.6948E-1	-5.0000E+1
1.4950E-1	3.6972E-1	-6.4000E+1
1.4962E-1	3.6802E-1	-1.7100E+2
1.4974E-1	3.6851E-1	-5.9600E+2
1.4974E-1	3.6826E-1	-4.9300E+2
1.4985E-1	3.6729E-1	-4.3900E+2
1.4997E-1	3.6778E-1	1.8000E+2
1.5009E-1	3.7045E-1	-3.8600E+2
1.5009E-1	3.7118E-1	-7.3000E+1
1.5021E-1	3.6899E-1	-4.3300E+2
1.5032E-1	3.7142E-1	-2.5800E+2
1.5044E-1	3.6948E-1	-5.3700E+2
1.5044E-1	3.6851E-1	-2.5200E+2
1.5056E-1	3.6972E-1	-4.4900E+2
1.5068E-1	3.6996E-1	8.8000E+1
1.5079E-1	3.6972E-1	-7.3900E+2
1.5079E-1	3.7118E-1	-7.4900E+2
1.5091E-1	3.6972E-1	-2.5200E+2
1.5103E-1	3.7045E-1	-9.1300E+2
1.5115E-1	3.6996E-1	-7.0600E+2
1.5115E-1	3.6996E-1	-5.7000E+1
1.5126E-1	3.7069E-1	1.6200E+2
1.5138E-1	3.6996E-1	-3.4700E+2
1.5150E-1	3.7166E-1	-2.7500E+2
1.5162E-1	3.7045E-1	3.4000E+1
1.5162E-1	3.6948E-1	-2.4400E+2
1.5174E-1	3.7021E-1	-3.4100E+2
1.5185E-1	3.7118E-1	-3.5000E+2
1.5197E-1	3.7093E-1	-5.4000E+2
1.5197E-1	3.7045E-1	-1.0370E+3
1.5209E-1	3.7021E-1	-6.2100E+2
1.5221E-1	3.7142E-1	-2.0700E+2
1.5232E-1	3.7166E-1	-4.4300E+2
1.5232E-1	3.7166E-1	-5.4900E+2
1.5244E-1	3.7288E-1	-1.3250E+3
1.5256E-1	3.7531E-1	-8.7500E+2
1.5268E-1	3.7385E-1	-8.2300E+2
1.5279E-1	3.7264E-1	-1.2090E+3
1.5279E-1	3.7385E-1	-1.1890E+3
1.5291E-1	3.7458E-1	-8.9700E+2
1.5303E-1	3.7458E-1	-1.1120E+3
1.5303E-1	3.7482E-1	-7.9200E+2
1.5315E-1	3.7774E-1	-1.0550E+3
1.5326E-1	3.7701E-1	-1.3140E+3
1.5338E-1	3.7482E-1	-1.0310E+3
1.5350E-1	3.7628E-1	-6.5900E+2
1.5350E-1	3.7774E-1	-9.6800E+2
1.5362E-1	3.7895E-1	-6.3500E+2
1.5374E-1	3.7847E-1	-5.7200E+2
1.5385E-1	3.7701E-1	-4.8200E+2
1.5385E-1	3.7847E-1	-3.5100E+2
1.5397E-1	3.7944E-1	2.8000E+2
1.5409E-1	3.7944E-1	-2.0700E+2
1.5421E-1	3.7798E-1	5.0800E+2
1.5421E-1	3.7992E-1	-1.8800E+2
1.5432E-1	3.7871E-1	3.1500E+2
1.5444E-1	3.7774E-1	1.3400E+2
1.5456E-1	3.7871E-1	-6.0000E+0
1.5456E-1	3.7798E-1	3.2000E+2
1.5468E-1	3.7725E-1	3.8400E+2
1.5479E-1	3.7822E-1	9.4400E+2
1.5491E-1	3.7822E-1	-8.9000E+1
1.5503E-1	3.7531E-1	5.2100E+2
1.5503E-1	3.7434E-1	4.3000E+1
1.5515E-1	3.7531E-1	1.3600E+2
1.5526E-1	3.7434E-1	2.0000E+2
1.5538E-1	3.7555E-1	2.2900E+2
1.5538E-1	3.7458E-1	4.6100E+2
1.5550E-1	3.7701E-1	-2.6000E+1
1.5562E-1	3.7555E-1	2.6300E+2
1.5574E-1	3.7458E-1	2.1700E+2
1.5574E-1	3.7506E-1	1.1100E+2
1.5585E-1	3.7458E-1	-3.3900E+2
1.5597E-1	3.7531E-1	1.0300E+2
1.5609E-1	3.7482E-1	1.5400E+2
1.5609E-1	3.7288E-1	-2.7300E+2
1.5621E-1	3.7191E-1	5.7400E+2
1.5632E-1	3.7288E-1	-6.5900E+2
1.5644E-1	3.7409E-1	2.4600E+2
1.5644E-1	3.7336E-1	-1.4600E+2
1.5656E-1	3.7215E-1	-1.8100E+2
1.5668E-1	3.7336E-1	7.9000E+1
1.5679E-1	3.7312E-1	-2.8000E+1
1.5691E-1	3.7361E-1	-2.9200E+2
1.5691E-1	3.7434E-1	-2.3900E+2
1.5703E-1	3.7166E-1	-4.1700E+2
1.5715E-1	3.7312E-1	-1.7000E+1
1.5727E-1	3.7215E-1	-7.8000E+1
1.5727E-1	3.7312E-1	-7.7000E+1
1.5738E-1	3.7166E-1	-1.4100E+2
1.5750E-1	3.7264E-1	1.4700E+2
1.5762E-1	3.7191E-1	-4.2000E+1
1.5762E-1	3.7215E-1	-7.8000E+1
1.5774E-1	3.7166E-1	-2.5800E+2
1.5785E-1	3.7166E-1	-1.1400E+2
1.5797E-1	3.7336E-1	-8.2000E+2
1.5797E-1	3.7215E-1	-1.6300E+2
1.5809E-1	3.7118E-1	-3.6600E+2
1.5821E-1	3.7288E-1	-1.3100E+2
1.5832E-1	3.7361E-1	-4.1600E+2
1.5832E-1	3.7312E-1	-3.2700E+2
1.5844E-1	3.7361E-1	-2.4500E+2
1.5856E-1	3.7264E-1	0.0000E+0
1.5868E-1	3.7312E-1	-1.8700E+2
1.5879E-1	3.7288E-1	3.2300E+2
1.5879E-1	3.7264E-1	-3.3900E+2
1.5891E-1	3.7288E-1	4.6700E+2
1.5903E-1	3.7166E-1	-4.2000E+1
1.5915E-1	3.7361E-1	-6.9300E+2
1.5915E-1	3.7361E-1	-4.9100E+2
1.5927E-1	3.7385E-1	3.5600E+2
1.5938E-1	3.7264E-1	-3.2200E+2
1.5950E-1	3.7264E-1	-6.1700E+2
1.5950E-1	3.7434E-1	-4.9400E+2
1.5962E-1	3.7482E-1	-3.9500E+2
1.5974E-1	3.7579E-1	-3.4100E+2
1.5985E-1	3.7336E-1	-4.6100E+2
1.5985E-1	3.7579E-1	-7.3800E+2
1.5997E-1	3.7361E-1	-6.9000E+2
1.6009E-1	3.7458E-1	-7.5000E+1
1.6021E-1	3.7385E-1	-7.0500E+2
1.6021E-1	3.7312E-1	-3.7500E+2
1.6032E-1	3.7361E-1	-4.8900E+2
1.6044E-1	3.7482E-1	-3.8200E+2
1.6056E-1	3.7434E-1	-2.5700E+2
1.6068E-1	3.7264E-1	-2.1400E+2
1.6068E-1	3.7458E-1	-4.9300E+2
1.6079E-1	3.7409E-1	-9.6700E+2
